1:ItNr	2:Metric	3a:Time	3b:StepSize	4:||Gradient||	Time[ms]
0	-0.575992	0.000000	1.130686	0.016514	537.9
1	-0.583787	0.000000	1.130686	0.033261	2.0
2	-0.589070	0.000000	1.130686	0.028594	1.6
3	-0.594275	0.995405	1.079516	0.037142	2.0
4	-0.573771	1.995155	1.032583	0.018650	1.6
5	-0.567898	1.489180	1.055814	0.033752	1.6
6	-0.551925	0.957993	1.081356	0.039351	1.8
7	-0.563087	0.426444	1.108182	0.025776	1.6
8	-0.582923	0.000000	1.130686	0.057537	1.5
9	-0.559449	0.000000	1.130686	0.070873	1.8
10	-0.610499	0.000000	1.130686	0.106690	1.9
11	-0.594190	0.000000	1.130686	0.097424	1.9
12	-0.554169	0.000000	1.130686	0.076337	2.1
13	-0.609875	0.000000	1.130686	0.096077	1.6
14	-0.607124	0.000000	1.130686	0.020176	1.9
15	-0.605607	0.000000	1.130686	0.022755	1.9
16	-0.625312	0.000000	1.130686	0.030895	1.8
17	-0.621589	0.000000	1.130686	0.046545	1.7
18	-0.631507	0.000000	1.130686	0.026956	2.0
19	-0.549514	0.000000	1.130686	0.018701	1.6
20	-0.590492	0.000000	1.130686	0.028524	2.0
21	-0.593570	0.000000	1.130686	0.022231	1.8
22	-0.617466	0.000000	1.130686	0.018808	1.6
23	-0.618390	0.000000	1.130686	0.036995	1.6
24	-0.615800	0.000000	1.130686	0.026158	1.6
25	-0.646609	0.000000	1.130686	0.025873	1.5
26	-0.627297	0.000000	1.130686	0.041485	1.6
27	-0.616199	0.000000	1.130686	0.015784	2.4
28	-0.634531	0.666483	1.095905	0.016819	2.5
29	-0.673053	0.206903	1.119654	0.033097	3.6
30	-0.570736	0.000000	1.130686	0.020311	3.3
31	-0.610368	0.000000	1.130686	0.015142	3.0
32	-0.618891	0.000000	1.130686	0.025137	1.9
33	-0.692737	0.000000	1.130686	0.079753	2.1
34	-0.610922	0.000000	1.130686	0.025214	2.5
35	-0.615180	0.909244	1.083762	0.033643	1.9
36	-0.614109	0.377701	1.110709	0.032833	2.4
37	-0.602455	1.320362	1.063800	0.022485	2.1
38	-0.643896	0.788821	1.089752	0.025210	2.4
39	-0.593161	0.295120	1.115016	0.027681	2.0
40	-0.645437	0.000000	1.130686	0.038886	1.6
41	-0.660232	0.934965	1.082491	0.034830	2.6
42	-0.632600	0.403415	1.109374	0.011362	1.6
43	-0.571967	0.000000	1.130686	0.032791	1.6
44	-0.649022	0.000000	1.130686	0.035386	1.9
45	-0.630634	0.993990	1.079586	0.015175	1.6
46	-0.640328	0.487560	1.105030	0.018480	1.8
47	-0.616773	0.034780	1.128816	0.022944	1.8
48	-0.589442	0.000000	1.130686	0.018985	1.6
49	-0.611826	0.000000	1.130686	0.049621	1.8
50	-0.620039	0.000000	1.130686	0.022091	2.0
51	-0.634006	0.000000	1.130686	0.047912	1.6
52	-0.726723	0.000000	1.130686	0.015019	1.7
53	-0.665728	0.000000	1.130686	0.046609	1.6
54	-0.610927	0.000000	1.130686	0.020289	1.8
55	-0.689272	0.000000	1.130686	0.012585	1.8
56	-0.568535	0.000000	1.130686	0.016842	1.6
57	-0.583083	0.158802	1.122200	0.051985	1.8
58	-0.657501	0.000000	1.130686	0.039736	1.6
59	-0.680104	0.000000	1.130686	0.043991	1.7
60	-0.674782	0.000000	1.130686	0.027805	1.6
61	-0.635043	0.000000	1.130686	0.046595	1.6
62	-0.724221	0.000000	1.130686	0.051341	1.8
63	-0.653779	0.000000	1.130686	0.053298	1.9
64	-0.679473	0.000000	1.130686	0.086488	1.8
65	-0.702814	0.000000	1.130686	0.072040	1.8
66	-0.661928	0.000000	1.130686	0.063513	1.8
67	-0.693583	0.000000	1.130686	0.061189	1.5
68	-0.705188	0.000000	1.130686	0.038636	1.7
69	-0.699703	0.000000	1.130686	0.056763	1.9
70	-0.678256	0.000000	1.130686	0.041898	1.7
71	-0.726556	0.000000	1.130686	0.025238	1.5
72	-0.729946	0.000000	1.130686	0.040537	1.5
73	-0.753341	0.000000	1.130686	0.086232	1.5
74	-0.706173	0.000000	1.130686	0.094082	1.6
75	-0.779857	0.000000	1.130686	0.095957	1.9
76	-0.728174	0.000000	1.130686	0.065590	1.5
77	-0.678737	0.000000	1.130686	0.025755	1.8
78	-0.744291	0.000000	1.130686	0.034773	1.8
79	-0.809219	0.000000	1.130686	0.100719	1.6
80	-0.747767	0.000000	1.130686	0.027216	1.8
81	-0.764558	0.000000	1.130686	0.032237	1.5
82	-0.722220	0.000000	1.130686	0.023497	1.7
83	-0.792490	0.000000	1.130686	0.049785	1.6
84	-0.747473	0.000000	1.130686	0.051390	1.8
85	-0.736235	1.000000	1.079291	0.028420	2.3
86	-0.810646	0.468450	1.106014	0.026309	2.4
87	-0.758436	0.000000	1.130686	0.030929	3.0
88	-0.801714	0.000000	1.130686	0.020529	2.5
89	-0.722595	0.000000	1.130686	0.019948	1.9
90	-0.760013	0.000000	1.130686	0.037670	2.5
91	-0.772291	0.000000	1.130686	0.035682	2.2
92	-0.679147	0.000000	1.130686	0.041946	2.5
93	-0.820885	0.000000	1.130686	0.045286	1.6
94	-0.781968	0.000000	1.130686	0.040140	1.5
95	-0.743481	0.000000	1.130686	0.037353	1.5
96	-0.760736	0.000000	1.130686	0.064681	1.5
97	-0.802920	0.000000	1.130686	0.050995	1.5
98	-0.779116	0.999982	1.079292	0.042808	2.7
99	-0.777801	0.468432	1.106015	0.046023	1.6
100	-0.767576	0.000000	1.130686	0.047788	1.8
101	-0.793784	0.000000	1.130686	0.049353	1.7
102	-0.817811	0.000000	1.130686	0.039809	1.5
103	-0.792011	0.000000	1.130686	0.034510	1.9
104	-0.806308	0.000000	1.130686	0.032770	1.8
105	-0.733420	0.000000	1.130686	0.041026	2.0
106	-0.788867	0.000000	1.130686	0.031373	1.9
107	-0.811374	0.000000	1.130686	0.030264	1.8
108	-0.813622	0.000000	1.130686	0.049811	1.7
109	-0.743142	0.000000	1.130686	0.030005	1.7
110	-0.789769	0.000000	1.130686	0.047008	1.6
111	-0.785379	0.000000	1.130686	0.064266	1.5
112	-0.779184	1.000000	1.079291	0.046102	1.5
113	-0.800553	2.000000	1.032365	0.043055	1.9
114	-0.775521	1.568226	1.052116	0.028295	1.6
115	-0.763403	1.036677	1.077495	0.049887	1.8
116	-0.805492	0.505128	1.104127	0.065126	1.8
117	-0.803920	1.505128	1.055066	0.030800	1.7
118	-0.926471	2.504754	1.010196	0.064351	1.7
119	-0.785282	3.503546	0.969019	0.056983	1.5
120	-0.734766	4.503546	0.931024	0.035332	1.5
121	-0.876579	3.971996	0.950841	0.040101	1.7
122	-0.746670	3.440446	0.971521	0.027954	1.7
123	-0.796636	2.908897	0.993120	0.027502	2.0
124	-0.800087	2.377391	1.015699	0.037784	1.6
125	-0.851560	1.845861	1.039331	0.029520	1.7
126	-0.751961	1.314314	1.064088	0.038409	1.5
127	-0.789016	0.782879	1.090049	0.032170	1.8
128	-0.803681	0.251338	1.117313	0.027151	1.9
129	-0.767675	0.000000	1.130686	0.044033	1.5
130	-0.847711	0.995771	1.079498	0.042983	1.7
131	-0.826550	1.995769	1.032555	0.034502	1.7
132	-0.828212	2.975693	0.990353	0.028291	1.7
133	-0.766405	2.444812	1.012778	0.024838	1.6
134	-0.814576	1.913392	1.036267	0.039926	1.5
135	-0.875042	1.718993	1.045134	0.050064	1.5
136	-0.787395	2.718393	1.001097	0.024859	1.8
137	-0.866979	2.186844	1.024046	0.058726	1.5
138	-0.845681	2.689004	1.002339	0.064653	1.8
139	-0.831777	3.689004	0.961740	0.068469	2.2
140	-0.781188	4.689004	0.924302	0.025571	2.6
141	-0.789098	4.657090	0.925452	0.047668	2.9
142	-0.802716	4.125550	0.945030	0.028414	1.8
143	-0.833787	4.417179	0.934187	0.019355	1.9
144	-0.790182	3.885930	0.954130	0.037108	1.8
145	-0.811881	4.846939	0.918654	0.040728	1.7
146	-0.838861	5.846938	0.884436	0.054598	2.1
147	-0.824054	6.846938	0.852675	0.011613	1.6
148	-0.876510	7.821534	0.823842	0.032157	2.5
149	-0.788877	7.293605	0.839214	0.028384	1.9
150	-0.873402	6.762056	0.855283	0.057233	1.6
151	-0.859023	7.762056	0.825546	0.019410	2.1
152	-0.827209	8.761763	0.797816	0.028188	1.7
153	-0.738859	8.230398	0.812319	0.018853	1.9
154	-0.754429	8.474986	0.805578	0.018238	1.7
155	-0.828585	8.428250	0.806857	0.030256	1.5
156	-0.910628	7.896946	0.821692	0.046557	1.8
157	-0.797368	8.896797	0.794212	0.041746	1.9
158	-0.876796	9.896797	0.768507	0.030394	1.8
159	-0.787994	10.896797	0.744413	0.024615	1.5
160	-0.823002	11.896361	0.721794	0.020555	1.9
161	-0.780325	11.365175	0.733640	0.008850	1.7
162	-0.837519	10.969805	0.742713	0.054654	1.8
163	-0.832428	10.577402	0.751943	0.021833	1.5
164	-0.815513	11.577400	0.728861	0.018779	1.6
165	-0.783300	11.047356	0.740916	0.009327	2.1
166	-0.787434	11.018809	0.741577	0.015237	1.5
167	-0.821520	10.635479	0.750562	0.019161	1.8
168	-0.830495	11.163707	0.738236	0.019270	1.5
169	-0.797226	10.686099	0.749363	0.009723	2.5
170	-0.789720	10.258969	0.759603	0.020343	1.9
171	-0.860417	9.767319	0.771741	0.025268	1.5
172	-0.766908	9.931082	0.767655	0.022643	1.5
173	-0.813464	9.399691	0.781074	0.021774	1.8
174	-0.832432	10.395449	0.756301	0.021934	1.5
175	-0.796340	11.392183	0.733029	0.018062	1.8
176	-0.831032	11.027654	0.741372	0.011452	1.9
177	-0.792566	10.529877	0.753076	0.014136	1.5
178	-0.858216	10.083428	0.763893	0.028929	1.7
179	-0.800270	10.655533	0.750087	0.020293	2.0
180	-0.817994	10.859286	0.745290	0.014947	1.7
181	-0.831032	10.352167	0.757345	0.027191	1.7
182	-0.888617	10.039617	0.764971	0.013399	1.7
183	-0.863847	9.530203	0.777735	0.028830	1.8
184	-0.810228	9.018064	0.791004	0.054488	2.1
185	-0.891283	10.018064	0.765502	0.033867	2.0
186	-0.738713	11.018064	0.741594	0.012924	1.8
187	-0.795328	10.604716	0.751293	0.023726	1.8
188	-0.782783	10.178404	0.761566	0.017817	1.9
189	-0.803149	10.804269	0.746579	0.030105	1.8
190	-0.774028	10.471848	0.754465	0.035887	1.7
191	-0.864442	11.471777	0.731232	0.022505	1.8
192	-0.812752	12.471745	0.709386	0.026869	1.7
193	-0.814573	13.469937	0.688844	0.033853	2.5
194	-0.741451	14.181793	0.674906	0.019527	2.4
195	-0.852368	13.650290	0.685258	0.020798	3.0
196	-0.800591	13.347599	0.691297	0.005547	2.4
197	-0.855733	13.099991	0.696317	0.027292	2.5
198	-0.809031	12.917166	0.700070	0.013932	1.8
199	-0.889509	13.776321	0.682775	0.033919	2.2
200	-0.804538	13.258591	0.693093	0.013906	2.2
201	-0.856762	12.727636	0.704004	0.056348	1.7
202	-0.839370	13.727240	0.683740	0.021791	1.8
203	-0.849576	13.195761	0.694367	0.011102	1.5
204	-0.826034	12.826952	0.701937	0.018486	2.7
205	-0.811874	12.332751	0.712344	0.015165	1.8
206	-0.937231	11.835919	0.723123	0.014547	1.6
207	-0.828285	11.643828	0.727378	0.022290	1.7
208	-0.764496	12.207290	0.715036	0.022458	1.5
209	-0.809936	11.676301	0.726655	0.031183	1.7
210	-0.848111	12.671475	0.705179	0.006341	1.8
211	-0.781598	12.217163	0.714823	0.011043	1.7
212	-0.832325	11.997056	0.719591	0.010410	1.7
213	-0.814025	11.628653	0.727716	0.010765	1.6
214	-0.792511	11.341368	0.734180	0.021570	1.6
215	-0.837889	11.027561	0.741374	0.024558	1.5
216	-0.825169	12.020589	0.719079	0.011675	1.5
217	-0.796129	11.537067	0.729765	0.028701	1.5
218	-0.798338	11.714481	0.725807	0.020333	1.5
219	-0.793630	12.659890	0.705421	0.021784	1.6
220	-0.731901	12.130430	0.716695	0.017923	1.5
221	-0.815365	13.112140	0.696069	0.013854	1.6
222	-0.861434	12.601100	0.706655	0.022268	2.0
223	-0.820556	13.488896	0.688465	0.015365	1.9
224	-0.868765	13.907511	0.680209	0.021450	1.8
225	-0.774618	14.472823	0.669369	0.005289	1.5
226	-0.750033	14.342580	0.671836	0.014533	1.7
227	-0.785504	14.394415	0.670852	0.023302	1.6
228	-0.799428	15.195724	0.656000	0.009874	1.9
229	-0.812241	15.052466	0.658607	0.025907	1.7
230	-0.848528	14.668058	0.665705	0.022555	2.3
231	-0.806557	15.652500	0.647825	0.027294	2.7
232	-0.835542	16.651679	0.630633	0.011420	2.5
233	-0.777451	17.363829	0.618927	0.010514	2.2
234	-0.786188	16.958056	0.625543	0.008193	2.3
235	-0.815856	16.626345	0.631058	0.011163	2.2
236	-0.790591	16.503899	0.633118	0.011341	2.8
237	-0.872398	16.382210	0.635179	0.021205	2.4
238	-0.879695	16.488375	0.633380	0.014853	2.5
239	-0.755260	16.408472	0.634733	0.017525	2.1
240	-0.799236	15.891469	0.643628	0.014952	1.5
241	-0.855767	15.377166	0.652728	0.021122	1.6
242	-0.783763	15.902290	0.643440	0.016248	1.9
243	-0.804030	15.507528	0.650397	0.017775	2.1
244	-0.766204	15.056789	0.658528	0.014540	3.9
245	-0.864057	15.543228	0.649762	0.009855	2.4
246	-0.797609	15.094681	0.657837	0.022153	1.9
247	-0.860383	15.810533	0.645044	0.036848	1.9
248	-0.761964	16.810521	0.627984	0.008842	1.7
249	-0.802085	16.362875	0.635508	0.009877	1.5
250	-0.872472	16.271222	0.637071	0.010332	2.3
251	-0.849243	15.936165	0.642850	0.014136	1.7
252	-0.809525	16.130404	0.639487	0.025368	2.1
253	-0.863112	15.608375	0.648606	0.020354	1.6
254	-0.852246	16.602812	0.631453	0.006829	1.6
255	-0.818262	16.427760	0.634406	0.013190	1.6
256	-0.840108	16.155655	0.639052	0.016079	1.5
257	-0.834477	15.771536	0.645728	0.024870	1.9
258	-0.779451	16.527428	0.632721	0.011736	1.6
259	-0.841797	17.471982	0.617187	0.011338	2.8
260	-0.811476	17.044272	0.624126	0.012243	1.6
261	-0.832977	16.627358	0.631041	0.023905	1.8
262	-0.831430	16.476409	0.633583	0.034383	1.8
263	-0.822702	17.476201	0.617119	0.016499	1.9
264	-0.821568	16.945492	0.625750	0.032552	2.1
265	-0.890738	17.943137	0.609720	0.019745	1.8
266	-0.810285	17.411631	0.618157	0.014651	1.9
267	-0.877199	16.901969	0.626469	0.029449	1.8
268	-0.819292	17.769043	0.612458	0.011357	1.5
269	-0.805364	18.559774	0.600216	0.007217	1.8
270	-0.826382	18.583601	0.599854	0.019146	1.8
271	-0.808658	18.978440	0.593930	0.015191	2.0
272	-0.827911	19.900117	0.580546	0.027627	1.7
273	-0.845456	20.820125	0.567775	0.034059	1.6
274	-0.863588	21.820113	0.554515	0.022734	1.9
275	-0.810604	22.516009	0.545647	0.019333	2.0
276	-0.766953	23.365365	0.535201	0.018516	1.6
277	-0.806046	22.839240	0.541624	0.015364	1.9
278	-0.809746	23.771365	0.530348	0.024100	1.7
279	-0.857946	24.533924	0.521466	0.038130	2.4
280	-0.829125	25.533915	0.510260	0.011086	1.8
281	-0.869764	26.136285	0.503739	0.019690	1.6
282	-0.863428	25.670795	0.508764	0.010097	1.5
283	-0.823181	25.509880	0.510524	0.027283	1.8
284	-0.853810	25.703834	0.508404	0.013628	1.5
285	-0.872008	26.041493	0.504754	0.050130	1.8
286	-0.852769	25.755724	0.507839	0.019372	1.5
287	-0.844752	26.755719	0.497205	0.061429	2.7
288	-0.754833	26.224170	0.502802	0.019815	1.9
289	-0.809051	27.224169	0.492376	0.014012	1.9
290	-0.839306	26.705129	0.497733	0.017392	1.6
291	-0.823339	26.191708	0.503148	0.013459	1.8
292	-0.877027	25.682907	0.508632	0.008265	1.8
293	-0.791737	25.311978	0.512705	0.017223	1.5
294	-0.842765	25.284900	0.513005	0.020305	1.7
295	-0.816214	26.249592	0.502531	0.011443	2.4
296	-0.800677	25.936117	0.505888	0.004847	3.0
297	-0.849273	25.744815	0.507958	0.004784	2.6
298	-0.838699	25.797849	0.507382	0.028471	3.5
299	-0.776114	26.325275	0.501728	0.024894	2.8
300	-0.855602	25.793750	0.507427	0.019295	2.8
301	-0.862318	25.262689	0.513252	0.024928	1.9
302	-0.828556	26.235913	0.502677	0.008273	1.6
303	-0.852509	26.066546	0.504486	0.016155	1.5
304	-0.830140	25.705076	0.508390	0.049392	1.8
305	-0.817322	26.705032	0.497734	0.012044	2.5
306	-0.848741	26.881322	0.495901	0.015295	1.7
307	-0.815729	26.720769	0.497570	0.029498	2.3
308	-0.831146	27.714733	0.487417	0.020546	2.0
309	-0.865222	27.183271	0.492793	0.008026	1.8
310	-0.826343	26.802197	0.496722	0.005036	1.8
311	-0.872387	26.655368	0.498252	0.025739	1.7
312	-0.833884	27.068011	0.493975	0.016874	2.5
313	-0.823662	26.624382	0.498577	0.033894	1.8
314	-0.807943	27.182014	0.492806	0.024107	2.0
315	-0.837856	28.181969	0.482787	0.014611	1.5
316	-0.755969	29.155835	0.473413	0.027788	1.5
317	-0.942779	30.135088	0.464347	0.032779	1.5
318	-0.825772	29.603538	0.469224	0.028123	1.5
319	-0.758312	30.603533	0.460131	0.027222	1.5
320	-0.783600	30.072043	0.464920	0.008370	1.7
321	-0.833144	29.729267	0.468061	0.010896	1.8
322	-0.811705	29.790839	0.467494	0.010470	2.0
323	-0.822251	29.400252	0.471117	0.021803	1.6
324	-0.856881	30.285064	0.462989	0.010211	1.5
325	-0.828914	30.675678	0.459489	0.026294	1.5
326	-0.823107	30.725679	0.459045	0.006246	1.5
327	-0.803703	31.055972	0.456132	0.030312	1.9
328	-0.788487	30.698868	0.459283	0.024292	1.8
329	-0.807554	31.698518	0.450571	0.019999	1.9
330	-0.745249	31.167921	0.455153	0.008670	1.8
331	-0.783399	30.816849	0.458237	0.038120	1.8
332	-0.847180	30.315185	0.462717	0.035840	1.7
333	-0.789953	31.315185	0.453872	0.013877	1.9
334	-0.811844	30.797302	0.458410	0.010048	1.5
335	-0.827867	30.436975	0.461621	0.010898	1.5
336	-0.808135	30.242842	0.463370	0.016150	1.8
337	-0.804238	29.779258	0.467600	0.021601	1.5
338	-0.836398	30.751208	0.458818	0.023161	1.8
339	-0.714184	31.743596	0.450185	0.004968	1.5
340	-0.816004	31.805192	0.449660	0.012488	1.6
341	-0.857623	31.560363	0.451755	0.033740	1.8
342	-0.916930	31.952665	0.448408	0.004738	1.5
343	-0.852637	31.994655	0.448053	0.026647	1.5
344	-0.796125	32.141307	0.446816	0.018681	1.8
345	-0.821740	32.336890	0.445178	0.022616	1.5
346	-0.847407	32.555496	0.443361	0.013617	1.7
347	-0.843450	33.497446	0.435698	0.040665	2.4
348	-0.853629	34.495078	0.427865	0.009970	2.2
349	-0.845779	35.230278	0.422271	0.015298	2.8
350	-0.810127	34.771744	0.425742	0.022570	2.3
351	-0.810971	34.520349	0.427670	0.012076	2.3
352	-0.849660	35.275420	0.421932	0.020408	4.3
353	-0.786592	36.186459	0.415210	0.023618	1.9
354	-0.837664	35.655549	0.419101	0.019807	2.0
355	-0.810234	36.637213	0.411963	0.018708	1.8
356	-0.821281	36.116635	0.415718	0.017904	1.8
357	-0.752090	35.590344	0.419584	0.041434	1.7
358	-0.779431	36.589936	0.412301	0.028379	1.8
359	-0.787127	37.589907	0.405264	0.031931	1.7
360	-0.814866	37.058391	0.408974	0.018942	2.7
361	-0.816707	38.057910	0.402053	0.012711	1.6
362	-0.814036	38.969943	0.395938	0.011954	1.9
363	-0.819857	39.157669	0.394703	0.035565	1.8
364	-0.791359	38.628549	0.398205	0.011009	1.7
365	-0.833673	39.586571	0.391909	0.013158	1.8
366	-0.841608	40.268240	0.387548	0.009509	2.2
367	-0.816564	40.137516	0.388377	0.026336	1.5
368	-0.834739	40.698577	0.384845	0.029792	1.8
369	-0.842854	41.196911	0.381762	0.011218	1.6
370	-0.797732	40.723997	0.384687	0.015249	1.6
371	-0.782233	40.706816	0.384794	0.015722	1.7
372	-0.800289	40.207957	0.387930	0.020540	1.5
373	-0.822391	39.713851	0.391087	0.019317	1.5
374	-0.841842	40.692226	0.384885	0.024907	1.7
375	-0.825582	40.346190	0.387056	0.044987	1.9
376	-0.870094	41.346187	0.380848	0.046483	1.8
377	-0.875034	42.346187	0.374836	0.029231	1.8
378	-0.838216	43.346187	0.369010	0.015488	1.9
379	-0.828347	42.815583	0.372078	0.011242	1.5
380	-0.861371	42.455951	0.374187	0.009818	1.8
381	-0.917752	42.866723	0.371780	0.019897	1.5
382	-0.822819	42.425079	0.374369	0.019864	1.8
383	-0.821136	43.410606	0.368641	0.009587	2.3
384	-0.830731	42.967468	0.371195	0.020107	1.6
385	-0.847144	43.778241	0.366549	0.031645	2.0
386	-0.859812	44.777975	0.360978	0.013100	1.5
387	-0.813207	45.659483	0.356204	0.017652	1.5
388	-0.765949	45.455231	0.357299	0.008685	1.6
389	-0.853397	45.954419	0.354635	0.006353	1.6
390	-0.839690	45.738403	0.355783	0.013823	1.8
391	-0.826277	46.080909	0.353967	0.007355	1.6
392	-0.802141	46.642684	0.351027	0.008234	1.9
393	-0.828144	46.907273	0.349659	0.008787	1.6
394	-0.877789	47.261191	0.347846	0.010114	1.8
395	-0.812108	47.601819	0.346119	0.012009	1.5
396	-0.811571	47.408795	0.347096	0.041622	1.6
397	-0.826246	46.883095	0.349784	0.028907	1.6
398	-0.785820	47.883095	0.344706	0.015606	1.7
399	-0.815333	47.354031	0.347374	0.017863	2.7
400	-0.874608	46.834207	0.350036	0.006522	2.3
401	-0.812982	46.424518	0.352163	0.016791	4.3
402	-0.828616	46.460167	0.351977	0.032114	3.1
403	-0.855623	45.940052	0.354711	0.018089	2.0
404	-0.782134	45.409050	0.357548	0.018199	1.6
405	-0.806140	45.750619	0.355718	0.009090	1.5
406	-0.844662	45.298717	0.358143	0.007522	1.5
407	-0.790863	45.235579	0.358484	0.015144	1.5
408	-0.830715	44.890911	0.360359	0.030707	2.0
409	-0.772039	45.879749	0.355031	0.011359	3.0
410	-0.853794	46.560886	0.351452	0.019387	1.7
411	-0.798647	46.224989	0.353208	0.044714	1.8
412	-0.759028	47.224924	0.348031	0.012744	1.7
413	-0.814346	46.695018	0.350756	0.024067	1.5
414	-0.865781	46.184020	0.353423	0.013693	1.7
415	-0.866802	47.147398	0.348427	0.017301	1.8
416	-0.778002	46.813097	0.350145	0.013815	1.9
417	-0.797012	46.344518	0.352581	0.021993	2.1
418	-0.840611	45.820366	0.355347	0.011946	1.7
419	-0.793963	45.332856	0.357958	0.041659	1.6
420	-0.856879	46.084977	0.353945	0.022735	1.6
421	-0.810711	45.553428	0.356772	0.021477	1.8
422	-0.824562	46.406493	0.352257	0.044562	1.9
423	-0.789757	45.877727	0.355042	0.018709	1.6
424	-0.803509	45.346247	0.357886	0.011839	1.5
425	-0.848257	44.882349	0.360406	0.018739	2.2
426	-0.817322	45.777765	0.355573	0.022700	1.5
427	-0.749333	46.693145	0.350765	0.027116	1.5
428	-0.768494	47.690951	0.345670	0.010269	1.6
429	-0.813196	47.223427	0.348039	0.007558	2.2
430	-0.813021	47.605416	0.346101	0.021652	1.8
431	-0.833626	48.290339	0.342680	0.013025	1.5
432	-0.872360	49.088561	0.338777	0.034328	1.7
433	-0.833007	48.558067	0.341361	0.014114	1.8
434	-0.870022	48.027614	0.343984	0.005951	1.5
435	-0.845065	47.874358	0.344750	0.016825	1.5
436	-0.756233	47.763907	0.345303	0.016794	1.6
437	-0.791698	47.284038	0.347730	0.029291	1.8
438	-0.815576	46.753227	0.350454	0.023862	1.8
439	-0.826710	46.221745	0.353225	0.025345	1.6
440	-0.877749	45.804185	0.355433	0.011096	1.5
441	-0.814400	45.303255	0.358118	0.024204	1.6
442	-0.774864	44.784514	0.360942	0.016554	1.9
443	-0.839320	44.287180	0.363692	0.011356	1.8
444	-0.838207	44.276431	0.363752	0.020355	1.7
445	-0.734145	44.631162	0.361785	0.013984	1.8
446	-0.867062	44.388410	0.363129	0.034737	1.9
447	-0.827567	44.745160	0.361158	0.017093	1.5
448	-0.806204	44.213843	0.364101	0.026106	1.6
449	-0.799109	45.200998	0.358671	0.018608	1.5
450	-0.806931	44.679025	0.361522	0.013686	2.4
451	-0.786710	44.174035	0.364323	0.022354	2.6
452	-0.829099	43.727365	0.366837	0.017043	3.1
453	-0.870771	43.601280	0.367553	0.003845	2.3
454	-0.847013	43.945187	0.365607	0.012761	1.8
455	-0.869900	43.849839	0.366144	0.012500	2.0
456	-0.905133	44.427167	0.362913	0.009212	1.7
457	-0.838406	44.090349	0.364791	0.022145	1.8
458	-0.822260	43.610670	0.367500	0.025428	2.6
459	-0.767476	43.080293	0.370541	0.014398	2.0
460	-0.846708	42.679631	0.372873	0.027440	2.0
461	-0.762957	42.156043	0.375964	0.018976	1.9
462	-0.874196	41.624796	0.379153	0.020917	1.7
463	-0.848616	41.221280	0.381612	0.010892	1.8
464	-0.856972	41.106410	0.382318	0.028188	1.5
465	-0.882898	40.793036	0.384257	0.011458	1.7
466	-0.824331	41.774513	0.378249	0.025261	2.7
467	-0.770367	41.317684	0.381022	0.026827	1.6
468	-0.840473	42.316880	0.375009	0.008058	1.8
469	-0.836518	42.062917	0.376519	0.014260	1.7
470	-0.820646	42.000400	0.376893	0.018759	1.7
471	-0.830810	41.509893	0.379850	0.018329	1.5
472	-0.845839	40.984401	0.383071	0.018285	1.6
473	-0.741384	41.940059	0.377254	0.009105	1.5
474	-0.853672	41.699830	0.378700	0.027839	1.9
475	-0.840690	41.249712	0.381438	0.023804	1.5
476	-0.881970	42.248548	0.375414	0.044442	1.6
477	-0.849266	41.716999	0.378596	0.012520	1.7
478	-0.799913	41.185672	0.381831	0.009099	1.7
479	-0.834761	40.846332	0.383926	0.037367	1.8
480	-0.809548	40.408218	0.386665	0.029586	1.5
481	-0.855550	41.408217	0.380469	0.010160	1.8
482	-0.910626	42.115535	0.376205	0.020882	1.8
483	-0.895300	41.718209	0.378589	0.009271	1.9
484	-0.790331	41.232457	0.381544	0.026175	1.9
485	-0.855106	40.744683	0.384558	0.010051	1.7
486	-0.770773	41.620679	0.379178	0.018196	2.1
487	-0.804825	41.273835	0.381290	0.029684	1.6
488	-0.849860	42.232236	0.375511	0.005214	1.8
489	-0.791259	41.845568	0.377821	0.018880	1.7
490	-0.840841	41.484379	0.380005	0.024508	1.8
491	-0.835280	42.467957	0.374116	0.018320	2.1
492	-0.801561	41.937306	0.377271	0.008600	1.5
493	-0.812750	41.925922	0.377339	0.013278	1.5
494	-0.817761	41.677611	0.378834	0.020457	1.5
495	-0.792621	42.503096	0.373909	0.022886	1.5
496	-0.798102	42.083867	0.376394	0.027846	1.5
497	-0.821513	41.630205	0.379121	0.018823	1.5
498	-0.817901	41.098968	0.382364	0.008654	1.7
499	-0.783560	40.682654	0.384945	0.013999	1.5
500	-0.751994	40.338528	0.387104	0.010714	1.7
501	-0.782477	40.206240	0.387941	0.011803	1.5
502	-0.822723	40.143903	0.388336	0.006733	1.5
503	-0.829274	40.016261	0.389149	0.023925	1.7
504	-0.801423	39.808552	0.390478	0.023315	2.5
505	-0.764557	40.767822	0.384414	0.031003	2.4
506	-0.778335	41.767748	0.378290	0.011088	2.6
507	-0.800931	41.327742	0.380960	0.019059	3.4
508	-0.812501	41.570362	0.379483	0.013683	2.9
509	-0.797330	41.805153	0.378065	0.021339	2.4
510	-0.795348	42.690098	0.372811	0.006251	1.6
511	-0.816359	42.273450	0.375266	0.011191	1.5
512	-0.854475	42.585253	0.373426	0.018172	2.2
513	-0.829501	42.220190	0.375583	0.029970	1.6
514	-0.799202	41.689233	0.378764	0.024508	2.7
515	-0.788501	42.689093	0.372817	0.012131	2.3
516	-0.856630	42.561178	0.373568	0.023072	2.2
517	-0.767064	43.400299	0.368700	0.018995	1.5
518	-0.874857	44.389304	0.363124	0.028506	1.7
519	-0.838415	45.381524	0.357696	0.008509	1.7
520	-0.876739	46.295835	0.352836	0.022801	1.6
521	-0.833264	47.147596	0.348426	0.022714	1.5
522	-0.802008	46.616603	0.351162	0.033206	3.0
523	-0.786677	47.610964	0.346073	0.006859	1.9
524	-0.808232	48.471473	0.341786	0.020174	2.0
525	-0.840360	48.098502	0.343631	0.010060	1.8
526	-0.808371	47.616065	0.346047	0.032180	1.5
527	-0.845449	48.584943	0.341229	0.008771	1.8
528	-0.855697	48.165402	0.343299	0.039793	1.7
529	-0.836333	49.043151	0.338997	0.030810	1.8
530	-0.794507	48.511601	0.341589	0.018569	1.6
531	-0.757285	49.511162	0.336747	0.015991	1.8
532	-0.799790	50.354845	0.332765	0.012338	1.5
533	-0.763820	50.457791	0.332286	0.011736	1.8
534	-0.896032	50.927202	0.330117	0.025188	1.6
535	-0.870545	50.404754	0.332532	0.011024	1.7
536	-0.810916	49.948352	0.334672	0.005066	1.5
537	-0.769487	50.033885	0.334269	0.017087	1.7
538	-0.839383	50.085419	0.334026	0.034710	1.8
539	-0.827402	49.556019	0.336533	0.015831	1.8
540	-0.818031	49.061359	0.338909	0.006454	1.6
541	-0.784485	48.684817	0.340740	0.019011	1.5
542	-0.804107	48.266397	0.342798	0.013413	1.5
543	-0.785716	47.771256	0.345266	0.018605	1.6
544	-0.759913	47.525088	0.346507	0.016859	1.9
545	-0.828223	47.001239	0.349176	0.024824	1.8
546	-0.828449	46.472049	0.351915	0.016685	1.9
547	-0.772356	45.945316	0.354684	0.007452	1.9
548	-0.817825	45.601393	0.356515	0.015230	1.9
549	-0.811538	45.258044	0.358363	0.010973	1.7
550	-0.822759	44.850855	0.360578	0.020601	1.5
551	-0.867642	44.464313	0.362708	0.034208	1.6
552	-0.818798	43.932783	0.365677	0.018435	1.8
553	-0.819153	43.402086	0.368690	0.031601	2.1
554	-0.849199	42.870895	0.371756	0.030696	1.7
555	-0.835912	42.339346	0.374876	0.015432	2.4
556	-0.846537	41.808797	0.378043	0.019153	2.3
557	-0.792625	41.286035	0.381215	0.055346	2.5
558	-0.763953	40.754485	0.384497	0.045890	2.4
559	-0.838466	40.222935	0.387835	0.024517	1.7
560	-0.761270	39.691386	0.391232	0.064393	1.8
561	-0.791799	39.159836	0.394689	0.052195	1.5
562	-0.863822	38.628286	0.398207	0.047681	2.3
563	-0.837131	38.096736	0.401789	0.047275	1.9
564	-0.817234	37.565187	0.405435	0.037504	2.0
565	-0.802953	37.033637	0.409149	0.055333	1.6
566	-0.886536	36.502087	0.412931	0.030302	1.5
567	-0.852448	35.970621	0.416783	0.053803	2.0
568	-0.847642	35.439072	0.420709	0.044170	1.9
569	-0.798351	34.907522	0.424709	0.031172	1.7
570	-0.777680	34.375972	0.428785	0.035941	2.5
571	-0.835374	33.844422	0.432941	0.073357	1.8
572	-0.923646	33.312873	0.437178	0.038897	2.0
573	-0.833713	32.781347	0.441499	0.043628	1.9
574	-0.849871	32.249797	0.445906	0.036110	1.7
575	-0.790589	31.728465	0.450315	0.045161	1.7
576	-0.872520	31.196917	0.454900	0.044405	2.1
577	-0.841825	30.665368	0.459581	0.048614	1.5
578	-0.883267	30.133818	0.464358	0.044728	1.9
579	-0.799684	29.602268	0.469236	0.027970	1.8
580	-0.872987	29.070718	0.474217	0.087278	1.6
581	-0.816517	28.539169	0.479306	0.035228	2.0
582	-0.846192	28.007619	0.484504	0.026641	1.7
583	-0.861438	27.476070	0.489817	0.037852	1.5
584	-0.880972	26.944522	0.495247	0.045785	1.8
585	-0.791855	26.596458	0.498869	0.046327	1.8
586	-0.891926	27.595697	0.488611	0.049186	1.6
587	-0.782841	28.595697	0.478759	0.029446	1.7
588	-0.846529	28.064147	0.483946	0.028575	1.5
589	-0.852339	27.532599	0.489246	0.050181	1.6
590	-0.816765	27.003302	0.494641	0.025065	1.6
591	-0.870456	26.472349	0.500173	0.036636	1.7
592	-0.855933	25.942990	0.505814	0.031039	1.7
593	-0.798390	25.543003	0.510160	0.024065	1.7
594	-0.789211	25.182389	0.514144	0.020080	1.6
595	-0.815652	24.652219	0.520115	0.032896	1.9
596	-0.734942	24.120739	0.526241	0.033356	1.7
597	-0.816416	23.589194	0.532515	0.021420	1.7
598	-0.896082	23.068868	0.538802	0.028295	1.8
599	-0.846489	22.537801	0.545374	0.027401	1.8
600	-0.853612	22.006287	0.552115	0.074867	2.2
601	-0.888973	21.474738	0.559024	0.035098	1.9
602	-0.888189	22.474719	0.546166	0.052511	1.7
603	-0.892069	22.891083	0.540985	0.032460	1.7
604	-0.797265	22.368352	0.547505	0.030971	2.1
605	-0.850762	21.836802	0.554299	0.048627	1.5
606	-0.830323	21.305252	0.561264	0.068818	1.5
607	-0.800410	22.305252	0.548303	0.048505	1.8
608	-0.890329	23.305252	0.535927	0.033049	2.3
609	-0.895994	22.773703	0.542435	0.036558	2.4
610	-0.887152	22.242343	0.549101	0.032732	3.0
611	-0.791724	21.717986	0.555841	0.024033	3.3
612	-0.894215	21.186441	0.562844	0.046606	2.2
613	-0.780447	20.654891	0.570027	0.059141	1.9
614	-0.829224	21.654891	0.556663	0.034446	1.8
615	-0.852108	21.123341	0.563687	0.053719	1.5
616	-0.807691	20.591792	0.570892	0.027379	1.5
617	-0.789782	20.060242	0.578282	0.020837	1.9
618	-0.827197	19.530404	0.585842	0.023456	1.7
619	-0.879397	19.003599	0.593557	0.022001	2.2
620	-0.795311	18.472532	0.601542	0.029879	1.8
621	-0.845584	17.949266	0.609624	0.030297	1.6
622	-0.834588	17.417718	0.618059	0.026424	1.7
623	-0.864301	16.886185	0.626730	0.028294	1.6
624	-0.804598	16.354708	0.635647	0.036032	1.7
625	-0.842059	17.228593	0.621116	0.040200	1.5
626	-0.813331	18.228488	0.605285	0.024803	1.8
627	-0.837742	17.696944	0.613599	0.029371	2.0
628	-0.858859	17.165545	0.622142	0.062084	2.0
629	-0.856187	18.165545	0.606257	0.028181	1.7
630	-0.910314	19.165412	0.591165	0.032947	1.5
631	-0.894289	18.633864	0.599094	0.033861	1.6
632	-0.855447	18.102314	0.607238	0.037298	1.5
633	-0.873743	18.898895	0.595114	0.044384	1.9
634	-0.802941	19.898886	0.580564	0.025607	1.5
635	-0.890512	20.897002	0.566733	0.053477	1.8
636	-0.889649	20.365452	0.574015	0.020674	1.5
637	-0.889406	19.838327	0.581424	0.022732	1.5
638	-0.836449	19.308741	0.589063	0.023258	1.5
639	-0.875442	18.777974	0.596923	0.034572	1.5
640	-0.822800	18.256483	0.604853	0.026823	1.5
641	-0.892405	17.724937	0.613155	0.024919	1.5
642	-0.871249	17.288301	0.620148	0.019634	1.8
643	-0.878981	16.764311	0.628752	0.020662	1.8
644	-0.855901	16.239857	0.637607	0.023842	1.7
645	-0.882589	15.708710	0.646833	0.022026	1.8
646	-0.837934	15.181707	0.656254	0.014682	2.4
647	-0.842370	14.658117	0.665890	0.026527	1.6
648	-0.825833	14.130285	0.675895	0.020736	1.5
649	-0.892181	13.600715	0.686240	0.032921	1.5
650	-0.868493	13.070414	0.696921	0.021982	1.6
651	-0.833243	12.616356	0.706335	0.032271	1.9
652	-0.860665	12.085206	0.717674	0.045872	1.5
653	-0.870513	11.553656	0.729393	0.048539	1.5
654	-0.831509	12.553649	0.707655	0.030774	1.8
655	-0.892503	12.022099	0.719046	0.024898	1.5
656	-0.880104	11.501639	0.730560	0.026494	1.5
657	-0.859110	12.108972	0.717159	0.026940	1.5
658	-0.887605	11.988320	0.719782	0.017837	1.5
659	-0.890109	11.457560	0.731552	0.024379	1.7
660	-0.859988	10.927438	0.743699	0.016767	1.7
661	-0.891780	10.411430	0.755916	0.030300	1.5
662	-0.932029	9.906087	0.768276	0.032558	1.8
663	-0.954212	9.374537	0.781721	0.021593	3.0
664	-0.916797	8.850602	0.795441	0.019012	2.7
665	-0.842358	8.321354	0.809799	0.025550	2.5
666	-0.842659	7.792198	0.824682	0.031747	2.2
667	-0.909682	8.758085	0.797914	0.021408	1.8
668	-0.889572	8.255024	0.811635	0.033629	1.8
669	-0.936766	7.724171	0.826635	0.028333	2.6
670	-0.833305	8.678055	0.800066	0.026501	1.6
671	-0.900002	8.174854	0.813865	0.042198	1.8
672	-0.831982	7.643304	0.828969	0.019346	1.7
673	-0.838001	7.111758	0.844643	0.041702	1.7
674	-0.909344	8.106851	0.815767	0.016672	1.8
675	-0.919369	9.073391	0.789549	0.034169	1.5
676	-0.851347	8.542095	0.803748	0.043148	2.1
677	-0.865987	9.542090	0.777432	0.043781	2.6
678	-0.886512	9.010541	0.791202	0.027036	1.6
679	-0.869880	8.479059	0.805467	0.021532	1.7
680	-0.897702	7.970069	0.819618	0.020937	1.6
681	-0.885412	7.505809	0.832967	0.042001	2.0
682	-0.796027	6.986073	0.848436	0.018007	1.8
683	-0.806390	6.463908	0.864567	0.020783	1.4
684	-0.885523	6.120511	0.875514	0.025090	2.0
685	-0.821992	5.593692	0.892858	0.024153	2.3
686	-0.882078	5.065042	0.910967	0.027990	1.6
687	-0.827925	6.016224	0.878894	0.033022	1.7
688	-0.867229	5.484675	0.896534	0.106981	1.6
689	-0.873773	6.484675	0.863914	0.023950	1.7
690	-0.921749	5.953125	0.880952	0.019612	1.5
691	-0.825039	5.950882	0.881025	0.010796	1.5
692	-0.914787	5.512683	0.895587	0.019743	2.0
693	-0.879645	5.107682	0.909479	0.019865	2.1
694	-0.863670	4.581310	0.928193	0.016330	1.7
695	-0.882361	4.110148	0.945610	0.024189	1.6
696	-0.892451	3.582092	0.965923	0.074440	1.5
697	-0.917369	3.372851	0.974215	0.039131	1.5
698	-0.817998	2.841301	0.995936	0.035272	1.6
699	-0.875840	2.309751	1.018647	0.061570	1.5
700	-0.922336	1.778202	1.042418	0.055160	1.5
701	-0.892087	1.246652	1.067325	0.020817	1.7
702	-0.882359	0.715108	1.093451	0.019956	1.5
703	-0.886050	0.186691	1.120722	0.082992	1.5
704	-0.904771	0.372794	1.110964	0.057709	1.6
705	-0.872430	1.372794	1.061307	0.019374	1.6
706	-0.767460	0.844530	1.086972	0.043398	1.7
707	-0.860610	0.325834	1.113410	0.054166	1.5
708	-0.938485	1.325834	1.063539	0.040028	1.8
709	-0.897089	2.325834	1.017944	0.020978	2.0
710	-0.896773	1.794499	1.041672	0.021379	2.1
711	-0.869451	1.264490	1.066470	0.015482	1.9
712	-0.860054	0.738120	1.092293	0.017807	2.3
713	-0.883932	0.220064	1.118960	0.041924	2.7
714	-0.891003	0.000000	1.130686	0.063591	2.1
715	-0.883871	1.000000	1.079291	0.016985	2.3
716	-0.849046	1.988874	1.032865	0.018356	2.5
717	-0.886243	1.483434	1.056084	0.022472	1.9
718	-0.911237	0.967486	1.080888	0.023712	1.9
719	-0.916619	0.436333	1.107671	0.024608	1.6
720	-0.800042	0.000000	1.130686	0.019648	2.0
721	-0.912623	0.000000	1.130686	0.037783	1.7
722	-0.863196	0.107175	1.124945	0.025315	1.7
723	-0.890413	0.903589	1.084042	0.044978	1.6
724	-0.904206	0.372042	1.111003	0.038370	1.7
725	-0.885751	1.372042	1.061343	0.015798	1.7
726	-0.938751	0.844059	1.086996	0.014974	1.9
727	-0.873962	0.395716	1.109774	0.030058	1.5
728	-0.937549	0.000000	1.130686	0.020417	1.9
729	-0.871412	0.839068	1.087244	0.016901	1.5
730	-0.905554	0.345189	1.112401	0.027108	1.8
731	-0.950400	0.538813	1.102401	0.021553	1.7
732	-0.889763	0.823844	1.088003	0.015224	1.7
733	-0.920216	0.298141	1.114858	0.067873	1.5
734	-0.881122	1.271258	1.066145	0.013394	1.8
735	-0.973391	2.270647	1.020358	0.023922	1.7
736	-0.848344	1.744942	1.043942	0.035100	2.0
737	-0.854177	1.213397	1.068923	0.019110	1.9
738	-0.972244	0.681943	1.095123	0.043831	1.5
739	-0.937092	1.680461	1.046910	0.023678	1.8
740	-0.880991	2.504770	1.010195	0.021548	1.6
741	-0.876875	2.420105	1.013847	0.010062	2.0
742	-0.896857	1.937301	1.035187	0.014537	1.7
743	-0.883254	1.919683	1.035983	0.032084	2.1
744	-0.960443	2.873801	0.994580	0.051181	1.7
745	-0.883457	3.873801	0.954595	0.039501	1.8
746	-0.945326	3.342251	0.975440	0.075190	1.5
747	-0.928377	4.342251	0.936949	0.052022	1.6
748	-0.922827	5.342251	0.901381	0.057270	1.9
749	-0.873871	6.342251	0.868414	0.009787	1.8
750	-0.892381	7.330952	0.838108	0.011746	1.5
751	-0.893256	6.940168	0.849830	0.014473	1.7
752	-0.867515	6.569821	0.861246	0.031461	2.1
753	-0.938939	7.545390	0.831812	0.023930	1.8
754	-0.876022	8.497520	0.804963	0.011351	1.7
755	-0.896020	7.999587	0.818784	0.014930	1.8
756	-0.900805	7.568389	0.831142	0.035408	2.0
757	-0.924085	8.287665	0.810730	0.031351	1.5
758	-0.905330	9.287560	0.783965	0.018453	1.5
759	-0.874755	10.203060	0.760964	0.034117	1.8
760	-0.881923	11.196482	0.737484	0.010061	2.4
761	-0.954741	11.259081	0.736053	0.010299	2.4
762	-0.922139	10.882622	0.744744	0.023375	3.3
763	-0.894934	10.593176	0.751567	0.020073	2.1
764	-0.904623	10.063097	0.764393	0.048179	1.8
765	-0.909469	11.063082	0.740553	0.023435	1.6
766	-0.883467	12.063081	0.718155	0.023624	1.9
767	-0.899567	13.050449	0.697330	0.014171	1.6
768	-0.927797	13.187038	0.694544	0.028549	1.5
769	-0.884745	12.692773	0.704733	0.034897	2.2
770	-0.896292	13.692742	0.684420	0.023354	2.0
771	-0.933863	13.161203	0.695069	0.010203	2.0
772	-0.948985	12.733030	0.703892	0.012839	1.7
773	-0.892882	12.746583	0.703609	0.030302	1.5
774	-0.871642	12.784312	0.702823	0.018673	1.7
775	-0.903459	13.782829	0.682647	0.021370	1.5
776	-0.861190	13.255799	0.693150	0.015290	1.8
777	-0.883252	14.162261	0.675281	0.010453	2.6
778	-0.898333	13.768634	0.682926	0.017538	1.7
779	-0.937627	13.305112	0.692153	0.046555	1.7
780	-0.906911	12.773576	0.703047	0.025928	1.5
781	-0.925922	13.773562	0.682829	0.006188	1.8
782	-0.920269	13.357081	0.691106	0.015365	1.8
783	-0.906669	13.004818	0.698266	0.055281	1.7
784	-0.882166	12.473351	0.709352	0.019584	1.6
785	-0.869013	13.473350	0.688776	0.028572	1.7
786	-0.883838	12.941945	0.699559	0.024611	1.6
787	-0.879622	12.410448	0.710688	0.022842	1.7
788	-0.913859	13.408326	0.690077	0.004311	1.5
789	-0.828146	13.292588	0.692406	0.017472	1.5
790	-0.976343	13.197323	0.694335	0.012737	1.7
791	-0.883144	12.730092	0.703953	0.015516	1.8
792	-0.908615	12.687226	0.704849	0.033308	1.7
793	-0.894481	12.160049	0.716054	0.022472	1.7
794	-0.861991	13.159911	0.695096	0.022403	1.6
795	-0.906995	14.157611	0.675370	0.013422	1.5
796	-0.904989	13.645045	0.685362	0.051610	1.5
797	-0.889576	14.644238	0.666150	0.033210	1.6
798	-0.891121	15.644238	0.647971	0.011090	1.7
799	-0.954584	16.394490	0.634971	0.004462	1.5
800	-0.960770	16.243319	0.637548	0.018040	1.6
801	-0.931578	16.553326	0.632285	0.021129	2.0
802	-1.004796	16.037441	0.641092	0.012629	1.7
803	-0.879800	16.157649	0.639018	0.006764	1.6
804	-0.922312	16.234916	0.637692	0.006222	1.6
805	-0.878168	16.404793	0.634796	0.009915	1.8
806	-0.870004	16.191044	0.638444	0.013487	1.7
807	-0.925716	16.695965	0.629892	0.014139	1.9
808	-0.911569	17.298090	0.619989	0.022678	1.7
809	-0.959388	16.778261	0.628520	0.019293	1.7
810	-0.860101	17.740523	0.612909	0.015457	1.8
811	-0.873336	17.228650	0.621115	0.019963	1.5
812	-0.923381	16.711742	0.629629	0.065406	1.9
813	-0.830701	17.711742	0.613364	0.007436	1.8
814	-0.922708	17.201272	0.621560	0.060782	2.3
815	-0.948367	17.854212	0.611115	0.037063	2.3
816	-0.865897	18.854212	0.595781	0.018489	2.9
817	-0.930436	18.322771	0.603833	0.023901	2.4
818	-0.943379	19.317870	0.588930	0.007346	1.9
819	-0.935940	19.761668	0.582518	0.021574	2.7
820	-0.913870	19.414183	0.587526	0.019673	2.5
821	-0.909201	20.393100	0.573632	0.046305	1.9
822	-0.952398	19.861551	0.581094	0.036496	1.7
823	-0.880988	20.861551	0.567213	0.006466	1.8
824	-0.901613	20.989899	0.565479	0.030079	1.5
825	-0.889116	21.138123	0.563490	0.025184	1.8
826	-0.833861	22.138026	0.550429	0.011009	1.5
827	-0.956560	21.660656	0.556588	0.036542	2.7
828	-0.912513	22.535806	0.545399	0.039312	2.3
829	-0.898124	23.535806	0.533153	0.034243	1.5
830	-0.864731	23.004256	0.539593	0.041097	1.5
831	-0.852446	24.004256	0.527603	0.014790	1.6
832	-1.022008	24.984121	0.516361	0.014566	1.5
833	-0.919417	24.502871	0.521822	0.043415	1.8
834	-0.906331	25.501489	0.510616	0.035529	1.6
835	-0.894621	26.501489	0.499866	0.021139	1.9
836	-0.935334	27.501175	0.489563	0.016469	1.6
837	-0.931845	28.332559	0.481313	0.018225	1.7
838	-0.908340	27.935334	0.485220	0.016364	1.6
839	-0.919918	28.886184	0.475971	0.013833	1.5
840	-0.871475	28.623603	0.478490	0.004760	1.8
841	-0.979863	28.748304	0.477291	0.014383	1.8
842	-0.909217	28.750172	0.477273	0.038362	1.9
843	-0.890180	28.259568	0.482026	0.008643	1.5
844	-0.895142	28.985914	0.475022	0.013748	2.0
845	-0.942915	28.892768	0.475909	0.014755	1.8
846	-0.945337	29.249379	0.472531	0.006758	2.1
847	-0.899906	29.180466	0.473180	0.031684	1.9
848	-0.932165	28.795592	0.476837	0.036470	1.5
849	-0.922581	29.795592	0.467450	0.038539	1.9
850	-0.834602	30.795592	0.458425	0.011415	1.6
851	-0.907748	30.265396	0.463166	0.022048	1.5
852	-0.927546	31.188960	0.454970	0.013466	1.8
853	-0.910767	32.130879	0.446904	0.038102	1.5
854	-0.896810	33.128437	0.438668	0.012467	1.5
855	-0.922415	34.126337	0.430727	0.011726	1.7
856	-0.916884	33.843873	0.432945	0.019384	1.5
857	-0.876185	33.909052	0.432431	0.011328	1.5
858	-0.918638	34.477074	0.428004	0.010150	1.5
859	-0.904468	34.715203	0.426175	0.012013	1.7
860	-0.904824	34.353926	0.428956	0.014823	1.7
861	-0.940794	33.986141	0.431825	0.010599	1.9
862	-0.938270	33.621448	0.434708	0.013349	1.5
863	-0.918297	33.808298	0.433226	0.016838	1.5
864	-0.951772	34.354661	0.428950	0.014583	1.5
865	-0.800917	34.625035	0.426865	0.010293	1.6
866	-0.890050	34.466641	0.428084	0.013016	1.7
867	-0.984142	34.082178	0.431072	0.011994	1.5
868	-0.897312	34.723578	0.426110	0.031243	1.8
869	-1.000005	34.199048	0.430160	0.016466	2.3
870	-0.912671	33.668192	0.434337	0.005407	2.3
871	-0.882498	34.033816	0.431451	0.024798	2.8
872	-0.866984	33.799621	0.433295	0.005392	2.4
873	-0.898006	33.705537	0.434040	0.030459	2.3
874	-1.000572	33.948791	0.432119	0.033104	3.4
875	-0.865104	33.417242	0.436340	0.022041	1.7
876	-0.889652	34.416630	0.428471	0.025817	2.8
877	-0.933003	33.885664	0.432616	0.037647	2.4
878	-0.905119	34.885663	0.424875	0.025319	1.8
879	-0.951100	35.885661	0.417406	0.031070	1.7
880	-0.893905	35.354157	0.421342	0.014488	1.7
881	-0.913116	34.956138	0.424340	0.049046	2.0
882	-0.912938	35.951583	0.416923	0.031473	1.8
883	-0.910087	36.951583	0.409728	0.010518	1.8
884	-0.853612	37.457355	0.406183	0.006908	2.2
885	-0.913453	37.309283	0.407215	0.012846	1.7
886	-0.853279	37.711898	0.404422	0.011357	1.6
887	-0.853683	37.604558	0.405163	0.017680	1.7
888	-0.950240	37.111477	0.408601	0.016905	1.6
889	-0.922800	36.637959	0.411958	0.038417	1.8
890	-0.834504	37.637773	0.404934	0.012588	1.5
891	-0.964113	37.649544	0.404852	0.032332	1.5
892	-0.961744	38.107339	0.401717	0.034797	1.9
893	-0.955053	37.575789	0.405362	0.029610	1.9
894	-0.851083	38.575724	0.398558	0.014288	1.5
895	-0.965371	38.385359	0.399836	0.027224	1.8
896	-0.902262	37.869623	0.403339	0.043381	1.6
897	-0.857893	38.869623	0.396602	0.032646	2.2
898	-0.916572	38.338073	0.400155	0.014729	1.5
899	-0.880598	37.808331	0.403759	0.016134	1.5
900	-0.943319	38.626991	0.398216	0.005288	1.9
901	-0.894020	38.761858	0.397317	0.006453	1.5
902	-0.866399	38.700462	0.397726	0.019603	1.6
903	-0.882648	38.669140	0.397934	0.008383	1.5
904	-0.896626	38.199606	0.401091	0.048840	1.6
905	-0.854365	37.677723	0.404658	0.008060	1.6
906	-0.857371	37.180143	0.408119	0.030982	1.9
907	-0.934449	37.519914	0.405749	0.014866	1.5
908	-0.933068	38.454940	0.399368	0.013047	1.7
909	-0.825550	38.020322	0.402309	0.050631	1.9
910	-0.950879	39.020199	0.395607	0.006712	1.6
911	-0.910848	39.873638	0.390060	0.020742	1.5
912	-0.933667	40.417674	0.386605	0.037135	1.8
913	-0.805414	41.417589	0.380412	0.013918	2.2
914	-0.955377	42.368428	0.374704	0.019066	1.6
915	-0.946069	42.702431	0.372739	0.013512	1.8
916	-0.858812	42.299197	0.375114	0.034146	1.5
917	-0.919055	41.769255	0.378281	0.058435	1.9
918	-0.871885	42.769255	0.372349	0.015899	2.0
919	-0.858163	42.237705	0.375479	0.034086	1.6
920	-0.915046	43.235809	0.369644	0.025936	1.5
921	-0.861541	44.235796	0.363978	0.029324	2.4
922	-0.947209	43.704264	0.366968	0.006712	2.4
923	-0.872978	43.479306	0.368248	0.031270	3.1
924	-0.884360	43.360665	0.368927	0.012977	2.6
925	-0.878339	42.843850	0.371914	0.018064	2.8
926	-0.905648	42.412743	0.374442	0.014516	2.0
927	-0.921890	43.002840	0.370990	0.014907	2.0
928	-0.941310	43.814202	0.366346	0.010455	1.6
929	-0.905673	44.446870	0.362804	0.007565	1.9
930	-0.902998	44.667275	0.361587	0.052460	1.5
931	-0.925011	45.525472	0.356922	0.017211	1.5
932	-0.887036	46.525470	0.351636	0.032832	1.7
933	-0.926828	45.994097	0.354425	0.013015	2.1
934	-0.879997	45.466353	0.357239	0.041389	1.7
935	-0.930883	46.463981	0.351957	0.005481	1.9
936	-0.961050	45.973067	0.354537	0.019794	1.5
937	-0.886908	46.573673	0.351385	0.020563	1.8
938	-0.900022	47.566954	0.346295	0.026871	1.7
939	-0.908244	48.565345	0.341325	0.057426	1.5
940	-0.896846	48.033795	0.343953	0.062065	1.7
941	-0.838399	49.033795	0.339042	0.007711	1.8
942	-0.885587	50.026813	0.334302	0.008019	2.4
943	-0.897226	49.835379	0.335205	0.009130	1.6
944	-0.937356	49.927970	0.334768	0.036259	1.7
945	-0.946614	49.408408	0.337238	0.029006	1.7
946	-0.965779	50.408408	0.332515	0.024402	1.8
947	-0.947518	51.408332	0.327924	0.008677	1.5
948	-0.905107	51.225524	0.328754	0.032811	1.8
949	-0.879067	51.023279	0.329677	0.006281	1.7
950	-0.797634	51.875464	0.325822	0.012112	2.2
951	-0.921940	52.266715	0.324082	0.003482	1.5
952	-0.892334	52.339748	0.323759	0.024004	1.7
953	-0.872711	52.363759	0.323653	0.008742	2.1
954	-0.976075	52.547390	0.322845	0.046731	1.8
955	-0.837470	52.060857	0.324995	0.028487	1.7
956	-0.881509	53.060857	0.320607	0.012303	1.7
957	-0.959367	54.047765	0.316391	0.008325	1.9
958	-0.904667	53.671735	0.317984	0.012675	2.2
959	-0.890727	53.708690	0.317826	0.003053	1.8
960	-0.863148	53.662444	0.318023	0.020625	1.8
961	-0.894486	53.840394	0.317267	0.029867	1.5
962	-0.946167	54.840112	0.313085	0.024041	1.5
963	-0.912403	54.308576	0.315295	0.019441	1.5
964	-0.887237	55.301044	0.311194	0.008145	1.8
965	-0.945881	56.032178	0.308240	0.013615	1.5
966	-0.918623	56.558507	0.306148	0.007782	2.0
967	-0.854572	56.718594	0.305518	0.015339	1.9
968	-0.939289	56.306877	0.307145	0.014527	1.5
969	-0.949047	57.153596	0.303817	0.004868	1.5
970	-0.973018	57.224863	0.303540	0.030991	1.5
971	-0.992807	56.964702	0.304553	0.015835	1.5
972	-0.891886	57.849082	0.301137	0.022455	1.8
973	-0.859237	57.453468	0.302656	0.012322	1.8
974	-0.918248	58.348457	0.299242	0.007346	1.9
975	-0.912479	58.246260	0.299628	0.015609	2.4
976	-0.930774	58.303462	0.299412	0.020579	2.9
977	-0.954284	59.050821	0.296617	0.006101	2.4
978	-0.924098	58.773934	0.297646	0.007150	1.9
979	-0.950517	58.775117	0.297642	0.014287	1.6
980	-0.848949	58.429985	0.298935	0.044409	1.6
981	-0.885086	57.948228	0.300759	0.036870	1.9
982	-0.825351	57.416678	0.302798	0.008482	2.8
983	-0.908494	58.341436	0.299269	0.006726	2.3
984	-0.915157	58.170305	0.299915	0.024547	1.9
985	-0.962035	57.731250	0.301588	0.018202	1.7
986	-0.882687	57.217680	0.303568	0.008839	1.5
987	-0.906785	57.910399	0.300903	0.027979	1.5
988	-0.790589	58.818307	0.297481	0.028436	1.8
989	-0.883938	59.818156	0.293800	0.008430	1.5
990	-0.936679	59.309151	0.295662	0.008305	2.7
991	-0.919382	59.094381	0.296455	0.025543	1.6
992	-0.910652	58.616833	0.298233	0.033325	1.6
993	-0.961310	59.615862	0.294538	0.039783	1.5
994	-0.906060	59.084312	0.296493	0.065646	1.5
995	-0.931675	60.084312	0.292836	0.009543	1.7
996	-0.866146	61.080010	0.289284	0.032300	2.0
997	-0.915663	62.027805	0.285981	0.038204	1.5
998	-0.952074	63.027805	0.282578	0.002092	1.9
999	-0.922005	62.783379	0.283402	0.022384	1.7
