1:ItNr	2:Metric	3a:Time	3b:StepSize	4:||Gradient||	Time[ms]
0	-0.558822	0.000000	0.883380	0.029532	507.7
1	-0.547402	0.000000	0.883380	0.061183	1.9
2	-0.565970	0.000000	0.883380	0.072720	1.8
3	-0.561668	0.000000	0.883380	0.027662	1.5
4	-0.603139	0.000000	0.883380	0.031367	1.7
5	-0.605868	0.000000	0.883380	0.077176	2.7
6	-0.578135	1.000000	0.843227	0.077928	1.8
7	-0.588433	2.000000	0.806565	0.036185	1.7
8	-0.558501	1.776642	0.814474	0.029876	1.5
9	-0.528203	1.553285	0.822540	0.035448	1.7
10	-0.580358	1.329930	0.830768	0.076390	1.7
11	-0.546655	2.329930	0.795158	0.049742	1.5
12	-0.552832	3.329930	0.762476	0.029697	1.7
13	-0.556539	3.106572	0.769541	0.038054	1.9
14	-0.569326	2.883215	0.776737	0.052620	2.2
15	-0.501688	3.404788	0.760137	0.008645	1.9
16	-0.573635	3.188508	0.766934	0.020062	1.7
17	-0.633203	3.019054	0.772345	0.050861	1.8
18	-0.523192	2.795697	0.779594	0.018252	1.7
19	-0.551770	2.603808	0.785932	0.047974	1.6
20	-0.593398	2.380464	0.793440	0.008090	1.7
21	-0.533414	2.161366	0.800945	0.023914	2.0
22	-0.463204	1.953512	0.808198	0.038626	1.7
23	-0.554532	1.800629	0.813617	0.023762	1.7
24	-0.586696	2.567319	0.787149	0.026833	1.6
25	-0.561805	2.344011	0.794679	0.014313	1.7
26	-0.513952	2.307376	0.795928	0.045714	1.9
27	-0.567188	3.306922	0.763198	0.025645	1.5
28	-0.570925	3.083564	0.770276	0.053301	2.0
29	-0.579450	2.860206	0.777486	0.034651	1.8
30	-0.596529	3.860205	0.746212	0.030396	1.6
31	-0.530334	3.642624	0.752801	0.044342	1.6
32	-0.572431	3.419266	0.759686	0.039548	1.6
33	-0.544571	4.416031	0.729893	0.029650	1.8
34	-0.588183	4.192674	0.736364	0.083396	1.9
35	-0.556256	3.969316	0.742951	0.017886	1.8
36	-0.511600	4.969316	0.714342	0.035513	1.7
37	-0.564769	5.941924	0.688555	0.023717	1.7
38	-0.530951	6.931011	0.664172	0.023906	2.2
39	-0.557523	7.456126	0.651915	0.017582	1.6
40	-0.587681	7.236252	0.656992	0.025985	1.7
41	-0.582398	7.098590	0.660211	0.016680	1.9
42	-0.538781	8.082904	0.637866	0.019421	2.2
43	-0.632338	7.874475	0.642470	0.020865	1.8
44	-0.595439	8.103869	0.637406	0.053025	2.3
45	-0.585209	7.880513	0.642336	0.015374	2.5
46	-0.606122	7.657166	0.647342	0.029794	2.8
47	-0.538751	7.435300	0.652393	0.071375	2.3
48	-0.580509	7.211942	0.657558	0.020444	2.0
49	-0.594483	6.988585	0.662805	0.017404	1.7
50	-0.582892	6.782693	0.667717	0.060442	1.7
51	-0.566157	6.574082	0.672769	0.070733	1.7
52	-0.607504	6.350724	0.678263	0.067027	1.8
53	-0.587271	7.350724	0.654339	0.030719	2.8
54	-0.564762	8.350724	0.632045	0.079634	1.8
55	-0.567989	8.127366	0.636892	0.022236	1.6
56	-0.578689	9.127366	0.615752	0.074955	1.6
57	-0.562422	8.904008	0.620351	0.073106	1.6
58	-0.552460	8.680650	0.625019	0.014528	2.0
59	-0.530480	8.631717	0.626052	0.031765	1.7
60	-0.538063	8.414798	0.630668	0.047471	1.9
61	-0.540786	8.191440	0.635494	0.017556	2.6
62	-0.531191	7.973682	0.640270	0.074089	1.6
63	-0.587223	7.750379	0.645243	0.038093	1.9
64	-0.589681	8.750379	0.623555	0.023960	1.8
65	-0.492489	8.558961	0.627593	0.053198	1.5
66	-0.494379	9.518571	0.607859	0.028955	1.7
67	-0.601216	10.518563	0.588573	0.060188	1.5
68	-0.578586	10.295205	0.592774	0.066274	1.5
69	-0.547645	11.295205	0.574419	0.081092	1.6
70	-0.623945	12.295205	0.557167	0.044696	1.9
71	-0.493994	13.295205	0.540921	0.034610	1.5
72	-0.537676	14.294026	0.525613	0.030186	1.5
73	-0.579588	15.292803	0.511148	0.023548	1.5
74	-0.573591	15.072075	0.514276	0.030512	1.9
75	-0.632945	14.860150	0.517315	0.021686	1.5
76	-0.576667	14.636861	0.520556	0.026963	1.8
77	-0.596282	14.413567	0.523838	0.023569	2.1
78	-0.582369	14.190321	0.527162	0.006886	1.6
79	-0.560867	14.685672	0.519844	0.041598	1.5
80	-0.548487	14.469550	0.523012	0.028736	1.7
81	-0.589528	14.246192	0.526326	0.032811	1.5
82	-0.523561	15.244546	0.511828	0.028926	1.8
83	-0.563776	15.025666	0.514938	0.032861	1.7
84	-0.595315	14.802309	0.518151	0.024489	1.7
85	-0.560987	14.578954	0.521403	0.026429	1.5
86	-0.563921	14.355630	0.524697	0.024895	1.9
87	-0.578758	14.132576	0.528028	0.047143	1.7
88	-0.557828	13.909219	0.531406	0.037994	1.7
89	-0.570266	14.908954	0.516612	0.049487	1.7
90	-0.594582	15.908954	0.502615	0.087035	1.9
91	-0.555203	15.685596	0.505675	0.032710	1.9
92	-0.560039	16.685596	0.492257	0.043253	1.5
93	-0.609949	16.462238	0.495192	0.051187	1.5
94	-0.521985	16.238881	0.498162	0.048051	1.7
95	-0.561354	17.238880	0.485134	0.029063	1.7
96	-0.571801	18.220704	0.472990	0.013151	1.7
97	-0.589338	19.041104	0.463299	0.028788	1.7
98	-0.672845	19.918065	0.453369	0.066561	1.7
99	-0.561712	19.694707	0.455857	0.008467	2.3
100	-0.586041	19.805971	0.454614	0.097549	2.4
101	-0.575660	19.603019	0.456887	0.025212	2.3
102	-0.545545	20.603019	0.445905	0.046732	1.8
103	-0.545347	20.379661	0.448312	0.021448	2.4
104	-0.588869	21.178700	0.439819	0.032588	1.6
105	-0.614855	20.955382	0.442160	0.063365	2.1
106	-0.556442	21.713286	0.434314	0.022760	1.8
107	-0.579358	22.713285	0.424379	0.039402	1.7
108	-0.570707	22.489927	0.426558	0.025979	1.7
109	-0.569508	23.487733	0.416991	0.025427	1.5
110	-0.585523	24.484796	0.407850	0.049043	1.6
111	-0.586717	24.930051	0.403896	0.060122	2.4
112	-0.592280	24.706693	0.405870	0.039831	1.7
113	-0.562362	24.483335	0.407863	0.029188	1.9
114	-0.582889	25.481170	0.399108	0.041735	1.7
115	-0.653832	25.258112	0.401032	0.033493	1.5
116	-0.591839	25.034832	0.402977	0.017968	1.7
117	-0.580289	25.292928	0.400730	0.044616	1.9
118	-0.594413	26.257228	0.392553	0.037763	1.6
119	-0.578658	26.033870	0.394418	0.053544	1.7
120	-0.558618	27.033870	0.386206	0.015056	1.5
121	-0.572275	28.031657	0.378347	0.024065	1.9
122	-0.565091	28.395081	0.375563	0.022133	1.6
123	-0.562000	28.172110	0.377266	0.031798	1.5
124	-0.618365	27.948768	0.378988	0.046583	1.7
125	-0.513237	27.725835	0.380722	0.035520	1.5
126	-0.581299	27.502478	0.382475	0.080174	2.0
127	-0.579896	27.279120	0.384244	0.019139	1.6
128	-0.567538	28.279120	0.376447	0.017393	1.8
129	-0.575599	28.245624	0.376703	0.011731	1.8
130	-0.630491	28.054902	0.378168	0.047040	1.7
131	-0.617649	28.672335	0.373467	0.053474	1.8
132	-0.598718	29.672335	0.366097	0.031606	1.5
133	-0.621231	30.672295	0.359012	0.048845	1.7
134	-0.598004	31.672254	0.352197	0.059652	1.5
135	-0.590820	31.448896	0.353696	0.045561	1.8
136	-0.621895	32.448894	0.347079	0.053822	1.7
137	-0.573884	32.230875	0.348500	0.052606	2.2
138	-0.568225	32.007517	0.349969	0.060062	1.9
139	-0.610459	31.784159	0.351450	0.040452	1.8
140	-0.610905	31.560801	0.352943	0.019388	1.6
141	-0.587557	32.027730	0.349836	0.025623	1.5
142	-0.550101	31.808055	0.351291	0.019551	1.5
143	-0.569334	31.585887	0.352775	0.053291	2.0
144	-0.604368	31.362530	0.354280	0.032057	1.5
145	-0.543149	31.140523	0.355788	0.039517	2.3
146	-0.629270	30.917165	0.357319	0.036547	1.6
147	-0.626223	30.693807	0.358863	0.036629	1.5
148	-0.556926	30.516890	0.360095	0.017809	1.8
149	-0.569960	30.299751	0.361619	0.031670	1.5
150	-0.587667	30.669320	0.359033	0.041850	1.8
151	-0.549206	30.457386	0.360512	0.018562	1.5
152	-0.622572	30.234031	0.362083	0.039542	1.7
153	-0.598602	30.010695	0.363669	0.056705	1.9
154	-0.666783	29.787337	0.365268	0.055268	2.4
155	-0.590341	30.317213	0.361496	0.034029	2.3
156	-0.588366	30.093855	0.363077	0.056805	2.6
157	-0.592876	29.870498	0.364671	0.046097	2.0
158	-0.642521	29.647140	0.366279	0.029959	1.5
159	-0.549329	29.423788	0.367901	0.037262	1.8
160	-0.597109	29.200430	0.369538	0.063643	2.2
161	-0.552922	30.146045	0.362706	0.026828	3.0
162	-0.536414	29.922687	0.364297	0.053941	1.9
163	-0.542748	29.699330	0.365902	0.047896	1.6
164	-0.664775	29.475972	0.367521	0.029874	1.7
165	-0.559308	29.252614	0.369155	0.058641	1.7
166	-0.595341	29.047267	0.370669	0.042550	1.7
167	-0.608809	28.823909	0.372331	0.051592	1.6
168	-0.655480	28.600551	0.374008	0.038430	1.5
169	-0.546576	29.578702	0.366775	0.028489	2.8
170	-0.649981	29.355380	0.368401	0.059308	1.7
171	-0.602667	29.132022	0.370043	0.049356	1.9
172	-0.622938	28.908665	0.371699	0.021568	1.7
173	-0.548284	28.685332	0.373369	0.023514	2.1
174	-0.546340	28.462158	0.375054	0.046749	1.9
175	-0.612559	28.238800	0.376755	0.034755	1.5
176	-0.568373	28.015442	0.378472	0.043104	1.5
177	-0.582923	27.792084	0.380205	0.034587	1.8
178	-0.591811	27.568726	0.381953	0.051909	1.6
179	-0.596933	27.345368	0.383718	0.043122	1.8
180	-0.568631	27.122010	0.385499	0.040608	1.7
181	-0.578559	26.898653	0.387297	0.095075	1.7
182	-0.566853	26.675295	0.389111	0.046747	1.6
183	-0.632113	27.675295	0.381117	0.038433	1.9
184	-0.562205	27.451937	0.382874	0.025817	1.7
185	-0.580461	27.228580	0.384647	0.032885	1.7
186	-0.669278	27.010254	0.386396	0.019494	1.5
187	-0.586454	26.786986	0.388202	0.046268	1.8
188	-0.592022	26.563663	0.390024	0.029851	1.5
189	-0.561253	27.357667	0.383620	0.034664	1.9
190	-0.622983	27.150821	0.385268	0.031930	1.9
191	-0.566174	26.927463	0.387064	0.041019	1.7
192	-0.621414	26.704105	0.388876	0.035302	1.8
193	-0.622715	26.851869	0.387675	0.024236	1.8
194	-0.618645	26.628644	0.389492	0.059736	1.7
195	-0.676189	26.405288	0.391327	0.032984	1.5
196	-0.635765	26.181930	0.393180	0.053804	1.5
197	-0.600851	25.958572	0.395050	0.035468	1.7
198	-0.568898	25.735214	0.396938	0.028108	1.7
199	-0.623201	25.511915	0.398844	0.021809	1.8
200	-0.592526	25.349822	0.400239	0.024762	1.8
201	-0.617428	25.126589	0.402176	0.030677	1.5
202	-0.644576	25.406693	0.399748	0.056695	1.5
203	-0.555087	25.183335	0.401681	0.008037	1.8
204	-0.618787	25.203294	0.401508	0.051500	1.5
205	-0.620935	25.024695	0.403066	0.018582	1.6
206	-0.629087	24.802711	0.405019	0.016527	1.6
207	-0.578984	24.599509	0.406824	0.031810	2.3
208	-0.569018	24.376275	0.408826	0.025916	2.3
209	-0.560149	24.154262	0.410836	0.021383	2.9
210	-0.589350	23.931012	0.412877	0.044834	2.3
211	-0.562058	23.710050	0.414918	0.026806	3.2
212	-0.573317	24.709499	0.405845	0.019361	1.7
213	-0.619972	24.491763	0.407788	0.050371	1.9
214	-0.582773	24.268542	0.409799	0.048561	2.1
215	-0.669142	25.268542	0.400942	0.023378	1.7
216	-0.584177	26.268529	0.392460	0.086605	1.7
217	-0.598249	27.268529	0.384329	0.037174	1.7
218	-0.577800	28.268525	0.376528	0.017973	2.8
219	-0.611080	29.102760	0.370259	0.028987	1.5
220	-0.595533	29.246433	0.369200	0.035932	1.7
221	-0.603014	29.023087	0.370848	0.055441	1.6
222	-0.614740	28.799729	0.372512	0.046463	1.8
223	-0.615394	29.799729	0.365179	0.026658	1.5
224	-0.522873	29.576371	0.366792	0.041236	1.7
225	-0.617686	29.353013	0.368419	0.026292	1.7
226	-0.628754	29.129657	0.370060	0.045136	2.5
227	-0.618488	28.906299	0.371716	0.056244	1.6
228	-0.634456	29.906299	0.364414	0.005489	1.5
229	-0.580995	30.808020	0.358072	0.037898	1.7
230	-0.658434	31.253462	0.355019	0.047682	1.7
231	-0.623809	31.030104	0.356543	0.051413	1.7
232	-0.632953	30.806746	0.358080	0.052352	1.7
233	-0.619744	30.583388	0.359631	0.047208	1.8
234	-0.635748	30.360030	0.361195	0.029523	1.8
235	-0.668513	30.141155	0.362741	0.039388	1.8
236	-0.570241	29.917797	0.364332	0.015214	1.8
237	-0.590148	29.694522	0.365937	0.020552	1.8
238	-0.609500	29.479766	0.367493	0.029375	1.6
239	-0.650092	29.379282	0.368226	0.015468	1.7
240	-0.587157	29.157351	0.369856	0.029604	1.7
241	-0.566140	28.934340	0.371508	0.037367	1.7
242	-0.608006	28.710982	0.373177	0.027160	1.6
243	-0.589116	29.651326	0.366249	0.038985	1.6
244	-0.656696	30.642596	0.359219	0.013799	1.9
245	-0.592086	30.728608	0.358621	0.033670	1.5
246	-0.641025	31.708548	0.351954	0.028661	1.7
247	-0.556467	32.708465	0.345402	0.040444	1.7
248	-0.651563	33.320571	0.341509	0.024939	1.7
249	-0.592222	33.104214	0.342875	0.053604	1.7
250	-0.621879	32.892783	0.344220	0.035200	1.5
251	-0.547109	33.892783	0.337949	0.022591	1.7
252	-0.631677	34.891479	0.331911	0.058121	1.9
253	-0.561674	34.713934	0.332968	0.026562	2.5
254	-0.593249	34.490869	0.334307	0.040918	2.3
255	-0.596337	34.267973	0.335655	0.042028	2.2
256	-0.580923	34.046617	0.337005	0.016591	2.1
257	-0.645435	33.828475	0.338346	0.049792	2.2
258	-0.623612	33.635971	0.339538	0.014141	2.2
259	-0.596927	33.412630	0.340932	0.019930	2.8
260	-0.617262	33.210467	0.342203	0.046826	3.2
261	-0.684762	32.987119	0.343619	0.039231	3.9
262	-0.616203	32.763761	0.345046	0.030432	2.7
263	-0.613488	33.510571	0.340319	0.043619	2.2
264	-0.634954	33.718585	0.339025	0.070929	3.8
265	-0.578195	33.495228	0.340415	0.081558	2.4
266	-0.588766	34.495228	0.334281	0.012385	2.2
267	-0.593612	34.274083	0.335618	0.027038	2.2
268	-0.583489	34.131711	0.336485	0.008178	2.1
269	-0.622099	34.283787	0.335559	0.037279	2.2
270	-0.636648	34.064798	0.336894	0.021037	2.3
271	-0.654190	33.842949	0.338257	0.031945	3.2
272	-0.601133	33.619794	0.339638	0.012224	2.3
273	-0.600078	33.398761	0.341019	0.047838	2.2
274	-0.663112	33.182271	0.342381	0.077592	2.3
275	-0.570715	34.182271	0.336177	0.043491	2.2
276	-0.567758	35.182271	0.330193	0.038572	3.3
277	-0.625513	34.958914	0.331511	0.040037	2.4
278	-0.597476	35.890001	0.326085	0.027280	2.3
279	-0.604245	36.865120	0.320590	0.034890	2.2
280	-0.615133	36.641762	0.321832	0.049652	2.1
281	-0.642466	36.418404	0.323084	0.025935	2.3
282	-0.589933	36.195046	0.324346	0.042415	2.2
283	-0.620241	35.971690	0.325618	0.032959	2.2
284	-0.638662	35.748332	0.326899	0.070396	2.2
285	-0.553224	36.748332	0.321238	0.032624	2.2
286	-0.596824	37.748332	0.315770	0.026741	2.4
287	-0.602096	37.525180	0.316974	0.041488	2.2
288	-0.595385	38.467082	0.311954	0.028814	2.2
289	-0.597939	38.243724	0.313130	0.025287	2.3
290	-0.687583	39.169390	0.308313	0.042537	2.3
291	-0.678543	38.946036	0.309461	0.010080	2.1
292	-0.655671	38.723696	0.310613	0.089230	2.3
293	-0.685247	38.501926	0.311771	0.031200	2.2
294	-0.624029	38.278568	0.312946	0.025573	2.3
295	-0.659694	38.871701	0.309846	0.046393	2.2
296	-0.643768	38.648343	0.311006	0.028113	2.3
297	-0.612513	38.424991	0.312175	0.023493	2.3
298	-0.645778	38.201665	0.313352	0.058625	2.8
299	-0.594971	37.978307	0.314539	0.023799	5.5
300	-0.639912	37.754949	0.315735	0.040651	3.2
301	-0.646385	37.531592	0.316940	0.027964	8.3
302	-0.612851	37.308246	0.318154	0.042623	4.2
303	-0.566423	38.304237	0.312810	0.024049	10.3
304	-0.607535	39.297567	0.307657	0.058317	2.9
305	-0.641717	39.424997	0.307008	0.013524	2.8
306	-0.590485	39.201646	0.308147	0.044921	2.7
307	-0.641005	39.025295	0.309053	0.019187	2.6
308	-0.663052	38.801952	0.310207	0.038909	3.9
309	-0.661269	38.578608	0.311370	0.015846	9.2
310	-0.540403	38.490766	0.311830	0.010509	6.0
311	-0.655896	38.977832	0.309297	0.020954	5.6
312	-0.607591	39.198726	0.308162	0.018264	3.9
313	-0.625686	39.340587	0.307438	0.024360	4.7
314	-0.661784	39.260025	0.307849	0.040657	2.8
315	-0.632895	39.036667	0.308994	0.028843	2.7
316	-0.593380	38.813309	0.310148	0.063053	2.9
317	-0.621890	38.589952	0.311311	0.016496	2.8
318	-0.577599	38.366594	0.312482	0.038431	2.8
319	-0.569451	38.244672	0.313125	0.078390	2.7
320	-0.562230	38.021314	0.314310	0.017747	2.8
321	-0.630625	39.017121	0.309095	0.040220	2.4
322	-0.585477	38.794453	0.310246	0.032657	2.3
323	-0.671657	38.571095	0.311409	0.026686	2.5
324	-0.640171	38.347775	0.312581	0.052178	2.5
325	-0.652200	38.124537	0.313761	0.022772	2.8
326	-0.667535	37.901181	0.314951	0.060967	4.7
327	-0.592139	38.133560	0.313713	0.023978	4.0
328	-0.573009	39.126563	0.308532	0.061825	2.8
329	-0.656518	39.216935	0.308069	0.057924	2.6
330	-0.579305	40.216933	0.303037	0.017832	3.0
331	-0.648157	40.791231	0.300220	0.029921	2.5
332	-0.695634	41.383792	0.297369	0.056768	2.5
333	-0.654766	41.160434	0.298437	0.043000	2.4
334	-0.648749	42.160434	0.293712	0.056578	2.4
335	-0.620975	41.937076	0.294754	0.042910	2.8
336	-0.660688	41.713718	0.295804	0.024108	5.7
337	-0.616403	41.722391	0.295763	0.056794	3.2
338	-0.680986	41.499033	0.296820	0.037398	2.6
339	-0.629958	42.064294	0.294160	0.031968	2.5
340	-0.629918	41.851386	0.295156	0.050152	2.4
341	-0.679438	41.656034	0.296077	0.034603	3.2
342	-0.622707	42.648216	0.291461	0.027805	3.2
343	-0.631660	43.004833	0.289837	0.033060	2.2
344	-0.624904	43.589438	0.287214	0.053673	1.9
345	-0.591117	44.560704	0.282959	0.049813	1.9
346	-0.663087	44.337346	0.283926	0.051924	2.3
347	-0.593834	45.292528	0.279835	0.035323	2.3
348	-0.639976	45.109739	0.280609	0.055685	2.6
349	-0.662388	44.886381	0.281560	0.040188	2.3
350	-0.651736	44.663320	0.282517	0.062638	2.5
351	-0.603026	45.663320	0.278279	0.036017	2.6
352	-0.632280	45.439962	0.279214	0.034820	2.4
353	-0.615737	45.216605	0.280156	0.036982	2.6
354	-0.631554	44.993247	0.281104	0.040119	2.5
355	-0.664481	44.769897	0.282059	0.063561	2.4
356	-0.628325	44.546539	0.283020	0.041596	2.5
357	-0.621504	44.323181	0.283988	0.049335	1.6
358	-0.703333	44.099824	0.284962	0.073370	2.7
359	-0.589507	45.099820	0.280651	0.026631	1.7
360	-0.593963	44.884085	0.281570	0.041464	2.0
361	-0.607897	44.660727	0.282528	0.055434	2.3
362	-0.639617	44.437369	0.283492	0.029384	3.0
363	-0.620113	44.214011	0.284463	0.031971	2.4
364	-0.623706	44.035217	0.285245	0.049880	1.9
365	-0.641401	43.811860	0.286228	0.012096	3.8
366	-0.657460	44.012852	0.285343	0.062787	2.4
367	-0.706091	43.789597	0.286327	0.106522	2.3
368	-0.561721	44.789597	0.281974	0.038534	2.1
369	-0.635162	45.789597	0.277753	0.049602	1.6
370	-0.626161	45.566239	0.278685	0.039848	1.8
371	-0.640958	45.342881	0.279623	0.030805	1.8
372	-0.555782	45.119523	0.280567	0.045797	2.2
373	-0.575748	45.710023	0.278084	0.057797	1.6
374	-0.588292	46.710023	0.273977	0.044246	1.8
375	-0.631362	46.487046	0.274882	0.038141	1.6
376	-0.660163	46.263688	0.275795	0.050376	2.0
377	-0.627964	46.040330	0.276714	0.063237	1.5
378	-0.566022	47.040330	0.272647	0.101710	1.8
379	-0.675422	48.040330	0.268698	0.045286	1.9
380	-0.676159	47.818115	0.269565	0.035187	1.8
381	-0.607832	47.594757	0.270443	0.044153	1.5
382	-0.570508	47.371399	0.271327	0.047468	1.7
383	-0.688256	47.148041	0.272216	0.054489	1.6
384	-0.651255	48.147795	0.268280	0.030189	1.7
385	-0.627470	47.924439	0.269150	0.051306	1.5
386	-0.626404	47.701081	0.270025	0.038117	1.5
387	-0.673042	47.477724	0.270905	0.033447	1.7
388	-0.617246	47.254366	0.271792	0.077828	1.6
389	-0.602434	47.031008	0.272684	0.113411	2.0
390	-0.644122	46.807650	0.273582	0.034375	1.6
391	-0.626533	46.584292	0.274487	0.058492	1.5
392	-0.617363	46.360934	0.275397	0.031956	1.9
393	-0.591194	46.137576	0.276313	0.048863	1.7
394	-0.576051	45.914218	0.277235	0.036241	1.6
395	-0.596040	45.690860	0.278164	0.068516	1.5
396	-0.660674	45.467502	0.279099	0.053511	1.6
397	-0.610180	45.244144	0.280040	0.093098	1.9
398	-0.621387	45.020843	0.280987	0.060574	1.8
399	-0.686635	46.020838	0.276794	0.059905	1.5
400	-0.641929	45.797480	0.277720	0.126323	1.6
401	-0.631970	46.797479	0.273624	0.062922	1.5
402	-0.619801	47.797479	0.269646	0.053379	1.7
403	-0.623902	47.574121	0.270525	0.048666	1.7
404	-0.656845	47.947477	0.269060	0.098324	1.5
405	-0.626989	48.947477	0.265213	0.081477	1.7
406	-0.637753	49.947477	0.261475	0.125999	1.7
407	-0.666285	50.947477	0.257841	0.051091	1.8
408	-0.633501	50.724119	0.258644	0.049307	1.5
409	-0.679683	50.500762	0.259452	0.032360	1.7
410	-0.606603	50.277404	0.260265	0.057957	1.8
411	-0.633529	50.054063	0.261083	0.051956	1.6
412	-0.615378	49.830706	0.261906	0.067152	1.7
413	-0.649530	49.609159	0.262728	0.100385	1.8
414	-0.641907	50.609159	0.259059	0.062954	2.3
415	-0.654383	51.609159	0.255491	0.024786	2.4
416	-0.677391	51.385894	0.256279	0.116595	2.9
417	-0.608859	51.162536	0.257072	0.031672	2.4
418	-0.612369	50.939178	0.257870	0.032424	1.6
419	-0.575596	50.715836	0.258673	0.012178	1.7
420	-0.625538	50.503472	0.259442	0.078278	2.1
421	-0.605587	50.327772	0.260081	0.086187	1.5
422	-0.653183	51.327772	0.256485	0.043317	2.5
423	-0.584410	51.104414	0.257279	0.116159	1.9
424	-0.671330	50.881056	0.258079	0.042820	1.8
425	-0.682825	50.657698	0.258883	0.065479	1.7
426	-0.672215	50.434588	0.259692	0.041079	1.8
427	-0.581514	50.211255	0.260506	0.050932	1.8
428	-0.695175	51.211213	0.256899	0.049141	1.7
429	-0.668216	50.987856	0.257696	0.036098	1.8
430	-0.674779	50.764498	0.258498	0.030238	2.6
431	-0.659650	50.541383	0.259304	0.028898	1.8
432	-0.607306	50.322629	0.260100	0.068722	2.1
433	-0.665843	51.015262	0.257598	0.037808	1.5
434	-0.615152	50.791904	0.258399	0.057037	1.5
435	-0.700742	50.568546	0.259206	0.017100	2.1
436	-0.626067	50.345327	0.260017	0.077771	1.5
437	-0.661444	50.133470	0.260791	0.103041	1.6
438	-0.679326	51.133470	0.257176	0.044341	2.0
439	-0.652798	52.133470	0.253659	0.033088	1.5
440	-0.591718	51.914609	0.254421	0.050739	1.5
441	-0.693831	51.692857	0.255197	0.069879	1.7
442	-0.664605	52.692857	0.251734	0.048620	1.6
443	-0.691257	53.657328	0.248482	0.031749	2.1
444	-0.666320	53.434001	0.249227	0.076654	2.3
445	-0.698348	53.210643	0.249977	0.026329	1.7
446	-0.673657	52.987285	0.250732	0.050741	1.9
447	-0.594924	52.764436	0.251490	0.046650	1.8
448	-0.656054	52.541078	0.252253	0.042702	1.6
449	-0.646336	52.317720	0.253022	0.033709	1.7
450	-0.636832	52.094362	0.253795	0.022112	1.6
451	-0.679658	53.076198	0.250431	0.012211	2.2
452	-0.706203	52.870898	0.251127	0.075613	1.5
453	-0.574543	52.647634	0.251888	0.017347	1.6
454	-0.656913	52.441211	0.252596	0.081686	1.7
455	-0.691507	52.501341	0.252390	0.041913	1.9
456	-0.677665	53.500580	0.249005	0.060570	1.6
457	-0.682014	53.277222	0.249753	0.046327	1.6
458	-0.672687	54.277222	0.246436	0.026639	1.6
459	-0.683552	55.277222	0.243205	0.036018	2.0
460	-0.601655	56.277195	0.240058	0.077187	1.8
461	-0.690212	56.053838	0.240754	0.044023	1.6
462	-0.699850	55.830481	0.241453	0.080654	1.7
463	-0.660588	55.607124	0.242157	0.085666	1.7
464	-0.703034	56.607124	0.239037	0.034164	1.7
465	-0.684698	56.383766	0.239727	0.027967	1.5
466	-0.634679	56.160447	0.240421	0.065956	1.8
467	-0.714256	55.937091	0.241119	0.020751	2.2
468	-0.664027	55.713733	0.241821	0.052284	2.2
469	-0.668467	55.490375	0.242527	0.012993	2.8
470	-0.602785	55.267705	0.243235	0.038395	2.3
471	-0.709360	55.563131	0.242297	0.018748	3.4
472	-0.713118	55.340067	0.243005	0.060816	1.7
473	-0.664447	55.116723	0.243718	0.050218	1.9
474	-0.624706	56.116723	0.240557	0.065383	1.5
475	-0.648289	57.116723	0.237478	0.071814	1.8
476	-0.695958	58.116723	0.234476	0.015700	1.6
477	-0.677836	58.957232	0.232011	0.011769	1.7
478	-0.689409	58.765094	0.232570	0.029654	1.7
479	-0.641646	58.547984	0.233205	0.031972	2.3
480	-0.677667	58.324665	0.233861	0.035974	1.6
481	-0.671176	59.324642	0.230950	0.019276	1.7
482	-0.675902	60.324424	0.228111	0.025722	1.7
483	-0.643276	60.793882	0.226802	0.059947	1.5
484	-0.650348	60.570549	0.227423	0.034948	1.7
485	-0.674542	61.570549	0.224668	0.022356	1.8
486	-0.671179	62.569370	0.221983	0.060527	1.6
487	-0.721791	63.568843	0.219360	0.036262	2.0
488	-0.717321	63.345485	0.219940	0.026603	2.2
489	-0.642705	64.341053	0.217375	0.017957	1.5
490	-0.687102	64.164659	0.217825	0.015647	1.5
491	-0.610619	63.970764	0.218322	0.061783	1.5
492	-0.627246	63.747408	0.218897	0.043863	1.5
493	-0.731813	64.747408	0.216345	0.028333	1.7
494	-0.667726	64.524050	0.216910	0.020419	1.4
495	-0.675604	64.300758	0.217477	0.012944	1.7
496	-0.687115	64.117925	0.217945	0.014518	1.9
497	-0.647282	64.463370	0.217064	0.042100	2.0
498	-0.648371	64.740213	0.216363	0.086354	1.9
499	-0.690407	64.516870	0.216928	0.009734	1.8
500	-0.654011	64.293527	0.217496	0.063743	1.6
501	-0.615226	65.189884	0.215234	0.040373	1.5
502	-0.695886	64.966526	0.215793	0.099826	1.5
503	-0.690433	64.743168	0.216355	0.033275	1.5
504	-0.631462	65.743168	0.213861	0.086887	1.6
505	-0.668772	65.519810	0.214413	0.033792	1.8
506	-0.661014	66.519810	0.211963	0.057131	1.8
507	-0.653466	67.519810	0.209569	0.043099	1.5
508	-0.620474	67.296452	0.210099	0.047150	1.6
509	-0.630451	68.296452	0.207746	0.017744	1.7
510	-0.636511	68.073223	0.208267	0.024528	1.8
511	-0.664226	67.852115	0.208785	0.032118	1.7
512	-0.666609	67.825652	0.208847	0.068733	1.5
513	-0.643547	68.825652	0.206522	0.014679	1.6
514	-0.644448	68.602515	0.207036	0.094541	2.0
515	-0.629091	69.599619	0.204758	0.039045	1.5
516	-0.646188	69.662179	0.204617	0.021361	1.7
517	-0.655303	69.438824	0.205122	0.032732	1.7
518	-0.650216	69.312992	0.205408	0.022552	1.5
519	-0.649500	69.133911	0.205816	0.038804	1.6
520	-0.679343	70.096399	0.203641	0.007407	1.6
521	-0.722319	70.863854	0.201940	0.096454	1.5
522	-0.670692	70.640655	0.202432	0.017673	1.6
523	-0.711081	70.417298	0.202926	0.083278	6.7
524	-0.668892	70.193945	0.203423	0.089088	2.4
525	-0.671801	71.193945	0.201217	0.021251	2.5
526	-0.622367	70.970588	0.201706	0.039092	2.4
527	-0.635112	70.747231	0.202197	0.012251	3.5
528	-0.655787	70.740811	0.202211	0.040925	2.4
529	-0.604540	70.635571	0.202443	0.032427	2.6
530	-0.666082	70.412213	0.202938	0.021213	2.7
531	-0.676120	71.339714	0.200899	0.061828	1.6
532	-0.686458	71.116356	0.201386	0.022719	1.5
533	-0.629122	70.893298	0.201875	0.054424	1.8
534	-0.622677	70.675630	0.202355	0.060467	3.4
535	-0.758905	70.452272	0.202849	0.075960	1.6
536	-0.703906	70.228914	0.203345	0.096838	1.8
537	-0.666968	71.228914	0.201141	0.066409	1.5
538	-0.697924	71.005556	0.201629	0.016325	1.5
539	-0.661865	70.791046	0.202100	0.058200	1.8
540	-0.645267	70.578291	0.202570	0.034702	1.6
541	-0.685524	70.354935	0.203065	0.053867	1.6
542	-0.660528	70.134095	0.203557	0.027075	3.2
543	-0.670989	69.910737	0.204057	0.075943	1.8
544	-0.761535	70.910596	0.201837	0.027908	1.6
545	-0.632314	70.687245	0.202329	0.027432	1.7
546	-0.714317	70.463899	0.202823	0.031144	1.6
547	-0.666440	70.242122	0.203316	0.066165	1.8
548	-0.669108	70.018764	0.203815	0.053034	1.7
549	-0.653205	69.795406	0.204316	0.024761	1.7
550	-0.673223	69.572048	0.204820	0.029528	1.9
551	-0.662776	69.348698	0.205327	0.017048	1.9
552	-0.617977	69.125632	0.205835	0.038985	1.5
553	-0.722911	68.902945	0.206345	0.028240	1.7
554	-0.626181	68.679587	0.206859	0.045476	1.5
555	-0.666763	68.457158	0.207373	0.017855	1.5
556	-0.636732	68.233821	0.207892	0.026339	1.5
557	-0.694619	68.274973	0.207796	0.052121	1.5
558	-0.602507	69.274958	0.205494	0.020790	1.9
559	-0.642731	69.051602	0.206004	0.012777	1.7
560	-0.660897	68.851984	0.206462	0.054014	1.6
561	-0.625169	68.628705	0.206976	0.029804	2.0
562	-0.684331	68.405350	0.207493	0.042599	1.8
563	-0.689842	68.181992	0.208013	0.029565	1.5
564	-0.622617	67.958634	0.208535	0.040547	1.5
565	-0.664062	67.735314	0.209060	0.039448	1.5
566	-0.691779	67.511958	0.209587	0.053804	2.1
567	-0.673888	67.288626	0.210117	0.030912	1.8
568	-0.733546	67.121056	0.210517	0.063763	1.7
569	-0.711828	68.109875	0.208181	0.018135	1.8
570	-0.659549	69.109874	0.205871	0.054945	1.7
571	-0.646960	68.886516	0.206382	0.042660	1.7
572	-0.698128	68.663158	0.206896	0.035258	1.5
573	-0.707138	68.439800	0.207413	0.036863	1.9
574	-0.666587	68.216443	0.207932	0.016982	2.0
575	-0.704639	67.993583	0.208453	0.054943	2.4
576	-0.680417	67.770227	0.208978	0.023192	3.0
577	-0.649516	67.547058	0.209504	0.012600	2.3
578	-0.644257	67.333982	0.210010	0.052590	1.7
579	-0.671711	67.112446	0.210538	0.060705	1.8
580	-0.658230	67.601382	0.209376	0.052809	1.6
581	-0.751100	67.378173	0.209905	0.017189	1.5
582	-0.652399	67.154818	0.210436	0.059408	1.5
583	-0.634306	66.931461	0.210971	0.014185	1.5
584	-0.636137	66.718464	0.211483	0.044094	2.9
585	-0.684806	66.498788	0.212014	0.075500	2.1
586	-0.708760	66.275430	0.212557	0.063890	1.7
587	-0.680090	67.275430	0.210149	0.017508	1.5
588	-0.658741	68.274400	0.207797	0.030689	1.9
589	-0.684270	68.052640	0.208315	0.012084	1.9
590	-0.746307	67.832045	0.208832	0.063370	1.5
591	-0.654179	67.608940	0.209358	0.036745	2.8
592	-0.701983	67.385582	0.209887	0.032314	1.8
593	-0.718175	67.162265	0.210419	0.037367	1.5
594	-0.640738	66.938919	0.210953	0.040757	1.5
595	-0.679591	66.715561	0.211490	0.049122	1.5
596	-0.665254	67.715561	0.209106	0.055047	1.8
597	-0.657514	67.492203	0.209634	0.050788	1.8
598	-0.753530	67.268845	0.210165	0.042923	1.6
599	-0.671431	68.266442	0.207816	0.094203	1.5
600	-0.638969	68.043084	0.208337	0.031898	1.7
601	-0.705286	69.043084	0.206023	0.037292	1.8
602	-0.626641	68.819726	0.206536	0.055643	1.7
603	-0.652246	68.596368	0.207051	0.021030	1.7
604	-0.578752	68.374545	0.207565	0.054434	1.9
605	-0.629303	68.151508	0.208084	0.039124	1.5
606	-0.636700	69.151508	0.205776	0.019143	1.5
607	-0.621347	68.954433	0.206226	0.029770	1.7
608	-0.686401	68.756526	0.206681	0.097397	1.5
609	-0.646414	68.533168	0.207197	0.033410	1.9
610	-0.670261	68.309810	0.207715	0.049901	1.6
611	-0.715659	69.262035	0.205524	0.031608	1.8
612	-0.685285	70.261605	0.203273	0.058650	1.5
613	-0.734378	70.040920	0.203765	0.059114	1.7
614	-0.701009	71.033926	0.201567	0.037295	1.7
615	-0.742684	72.033926	0.199400	0.058862	1.8
616	-0.672062	71.810568	0.199880	0.032107	1.5
617	-0.691226	71.587210	0.200362	0.033346	1.8
618	-0.745853	72.586829	0.198222	0.015718	1.7
619	-0.697996	73.584006	0.196132	0.051122	1.7
620	-0.651481	74.575054	0.194099	0.055362	1.5
621	-0.695288	74.351697	0.194553	0.043614	1.7
622	-0.659131	74.128339	0.195010	0.032241	1.8
623	-0.636663	73.904981	0.195469	0.033864	1.5
624	-0.680590	73.681623	0.195930	0.036092	1.6
625	-0.751618	73.458265	0.196393	0.044016	1.6
626	-0.698607	73.243680	0.196841	0.048429	1.8
627	-0.701163	73.020322	0.197308	0.054490	1.6
628	-0.608055	74.016369	0.195240	0.030628	1.5
629	-0.741659	73.793011	0.195700	0.078573	2.3
630	-0.671753	74.499017	0.194253	0.028075	2.3
631	-0.674639	74.275659	0.194709	0.088662	2.7
632	-0.741582	75.272807	0.192692	0.037818	1.7
633	-0.640338	75.049450	0.193140	0.019705	1.6
634	-0.639976	74.826137	0.193590	0.087241	2.1
635	-0.666766	74.607224	0.194033	0.031038	1.8
636	-0.650112	74.383866	0.194488	0.078421	1.6
637	-0.756114	75.382980	0.192472	0.032433	1.8
638	-0.707125	75.159622	0.192919	0.030203	1.8
639	-0.670961	76.134615	0.190982	0.040958	1.5
640	-0.631457	75.911257	0.191422	0.036223	1.5
641	-0.695308	75.687899	0.191865	0.052228	1.8
642	-0.698456	75.464541	0.192309	0.024396	2.8
643	-0.715044	75.241530	0.192754	0.035446	1.9
644	-0.693726	75.018178	0.193203	0.051065	1.8
645	-0.698427	74.794820	0.193653	0.023377	1.5
646	-0.692527	74.571484	0.194106	0.066496	1.7
647	-0.744087	74.348126	0.194561	0.025036	1.7
648	-0.661808	74.124768	0.195017	0.031106	1.5
649	-0.643789	73.901417	0.195476	0.044074	1.6
650	-0.633541	73.678059	0.195938	0.033548	2.0
651	-0.699997	73.454701	0.196401	0.064170	1.5
652	-0.680384	73.231344	0.196866	0.049313	1.8
653	-0.708442	73.007986	0.197334	0.031748	1.7
654	-0.680874	72.784628	0.197804	0.040189	1.7
655	-0.723104	72.561270	0.198276	0.047054	1.7
656	-0.651301	72.337912	0.198751	0.059423	1.5
657	-0.682463	72.114554	0.199228	0.047356	1.6
658	-0.657408	71.963545	0.199551	0.066772	1.8
659	-0.682641	72.091137	0.199278	0.046925	1.8
660	-0.699247	73.091137	0.197160	0.091560	1.9
661	-0.688404	72.867779	0.197629	0.039413	1.7
662	-0.649555	72.644421	0.198100	0.040922	1.5
663	-0.699362	72.421063	0.198574	0.038254	1.5
664	-0.667376	72.197705	0.199050	0.035612	1.5
665	-0.683076	71.974347	0.199528	0.043316	1.6
666	-0.692060	71.750989	0.200008	0.037715	1.7
667	-0.718581	71.527631	0.200491	0.038003	2.1
668	-0.676666	71.304274	0.200976	0.027533	2.0
669	-0.659750	71.080916	0.201464	0.039723	1.5
670	-0.719261	70.857558	0.201954	0.044131	1.5
671	-0.709914	70.634200	0.202446	0.046693	1.8
672	-0.712957	70.410842	0.202941	0.022526	1.7
673	-0.698912	70.187717	0.203437	0.055980	1.7
674	-0.675134	69.964363	0.203937	0.080438	1.8
675	-0.759785	69.741005	0.204439	0.035890	1.7
676	-0.692957	69.528255	0.204919	0.040378	1.7
677	-0.638633	69.304897	0.205426	0.062147	1.8
678	-0.639023	69.081542	0.205935	0.044700	1.7
679	-0.761263	68.858184	0.206447	0.044207	1.6
680	-0.720573	69.856066	0.204180	0.052859	1.7
681	-0.695884	70.854460	0.201961	0.042997	1.9
682	-0.665403	70.631103	0.202453	0.048142	1.8
683	-0.672483	71.478836	0.200597	0.073725	1.8
684	-0.690119	72.478836	0.198451	0.070346	2.3
685	-0.606446	73.478836	0.196351	0.046096	2.3
686	-0.699076	73.255478	0.196816	0.078218	2.8
687	-0.695265	73.032120	0.197283	0.073704	2.3
688	-0.700695	72.808762	0.197753	0.045947	1.7
689	-0.659226	73.808762	0.195667	0.028139	1.6
690	-0.660081	73.585404	0.196129	0.081957	2.2
691	-0.699392	73.362047	0.196594	0.095968	1.5
692	-0.672109	73.138689	0.197060	0.049435	2.8
693	-0.706592	74.131140	0.195004	0.032716	1.9
694	-0.688198	73.907782	0.195463	0.029278	1.7
695	-0.653941	73.684439	0.195924	0.050210	1.5
696	-0.702750	73.461082	0.196388	0.045501	1.7
697	-0.715272	73.237724	0.196853	0.043419	1.6
698	-0.657828	73.014366	0.197321	0.104301	1.7
699	-0.703581	74.014366	0.195244	0.015751	1.6
700	-0.700563	75.014365	0.193211	0.027222	1.7
701	-0.709130	74.887747	0.193466	0.057962	1.6
702	-0.675918	74.664389	0.193917	0.050781	1.7
703	-0.644136	75.662572	0.191915	0.028614	1.7
704	-0.701870	76.246409	0.190763	0.027911	1.9
705	-0.681655	76.023073	0.191202	0.032852	2.0
706	-0.689137	75.806621	0.191629	0.068588	1.8
707	-0.679386	76.752757	0.189775	0.045351	1.7
708	-0.678242	76.529399	0.190209	0.073077	2.1
709	-0.672910	77.460161	0.188411	0.034311	1.7
710	-0.659301	77.236803	0.188839	0.061591	1.8
711	-0.745153	77.013445	0.189270	0.081556	1.7
712	-0.672822	76.790087	0.189702	0.052462	1.5
713	-0.644548	76.566730	0.190136	0.034026	2.0
714	-0.718261	76.343386	0.190573	0.041726	1.5
715	-0.646672	76.120029	0.191011	0.072702	1.7
716	-0.721048	75.896671	0.191451	0.039314	1.5
717	-0.633424	75.673313	0.191894	0.037222	1.7
718	-0.659147	75.449956	0.192338	0.049308	1.7
719	-0.683497	75.226598	0.192784	0.048227	1.7
720	-0.669132	75.003240	0.193233	0.034792	1.5
721	-0.713327	74.779883	0.193684	0.049535	2.0
722	-0.643879	74.556526	0.194136	0.056288	1.5
723	-0.724086	74.333168	0.194591	0.071607	1.5
724	-0.777191	74.109810	0.195048	0.079517	1.7
725	-0.670271	73.886452	0.195507	0.117336	1.5
726	-0.740828	74.886452	0.193468	0.077977	2.0
727	-0.673697	75.886452	0.191471	0.052701	1.8
728	-0.677699	75.663094	0.191914	0.048075	1.5
729	-0.699195	75.439736	0.192358	0.053897	1.8
730	-0.756768	75.216406	0.192805	0.047202	1.5
731	-0.634225	74.993048	0.193253	0.089693	1.7
732	-0.708246	74.769690	0.193704	0.044379	1.7
733	-0.675201	74.546333	0.194157	0.027776	1.5
734	-0.650876	74.322975	0.194612	0.042446	1.8
735	-0.667469	74.099617	0.195069	0.079620	1.6
736	-0.709119	73.876259	0.195528	0.048974	1.8
737	-0.717185	74.876259	0.193489	0.036777	1.8
738	-0.695065	75.682046	0.191876	0.036520	2.3
739	-0.772934	75.458688	0.192321	0.058837	2.2
740	-0.727693	75.235330	0.192767	0.066582	2.6
741	-0.712887	75.011972	0.193215	0.031552	2.5
742	-0.666939	75.929921	0.191386	0.051805	4.2
743	-0.676555	75.706563	0.191828	0.053792	2.9
744	-0.737817	75.483205	0.192272	0.054057	1.5
745	-0.755385	75.259847	0.192718	0.031818	1.7
746	-0.683197	75.036489	0.193166	0.042926	1.5
747	-0.731117	74.813131	0.193616	0.038889	1.7
748	-0.711630	74.589775	0.194069	0.043215	2.0
749	-0.691402	74.366418	0.194523	0.060307	2.4
750	-0.746996	74.143060	0.194980	0.055706	1.9
751	-0.737284	73.919702	0.195439	0.030020	1.7
752	-0.721859	73.696344	0.195900	0.038897	1.5
753	-0.640331	73.472986	0.196363	0.044637	1.7
754	-0.698914	73.249628	0.196828	0.046284	1.5
755	-0.686202	73.026270	0.197296	0.053366	1.5
756	-0.653834	72.802912	0.197766	0.031332	1.5
757	-0.675585	72.579554	0.198238	0.060726	2.5
758	-0.653550	73.571501	0.196158	0.055066	2.1
759	-0.674369	74.571501	0.194106	0.049989	1.7
760	-0.663957	74.348144	0.194561	0.058886	1.6
761	-0.648825	74.124786	0.195017	0.038576	1.7
762	-0.798912	73.901428	0.195476	0.059444	1.6
763	-0.656740	73.678070	0.195938	0.064747	1.7
764	-0.729290	73.454712	0.196401	0.026735	1.5
765	-0.707535	73.231354	0.196866	0.048678	2.2
766	-0.725174	73.007996	0.197334	0.046546	1.5
767	-0.693595	72.793531	0.197785	0.036479	1.8
768	-0.690798	72.574457	0.198248	0.052622	2.0
769	-0.709933	72.351101	0.198723	0.027469	1.9
770	-0.727862	72.127756	0.199199	0.022118	2.1
771	-0.708835	71.904776	0.199677	0.018430	1.7
772	-0.715596	71.828569	0.199841	0.040001	1.6
773	-0.691336	72.419545	0.198577	0.040191	2.1
774	-0.752804	72.196332	0.199053	0.031724	1.7
775	-0.709129	71.973188	0.199530	0.040662	1.7
776	-0.647402	71.749831	0.200011	0.052012	1.5
777	-0.693591	71.526473	0.200494	0.039356	1.8
778	-0.724801	71.303126	0.200979	0.024474	1.7
779	-0.760895	71.079769	0.201466	0.048812	1.5
780	-0.688072	70.856446	0.201956	0.037746	1.7
781	-0.692416	71.853776	0.199787	0.058858	1.8
782	-0.679287	71.630418	0.200269	0.035187	1.4
783	-0.708710	71.407060	0.200753	0.021821	1.7
784	-0.717380	71.183998	0.201239	0.039976	1.5
785	-0.736786	70.960742	0.201727	0.024953	1.5
786	-0.655071	70.737384	0.202218	0.085597	1.5
787	-0.756277	70.514027	0.202712	0.071795	1.7
788	-0.753050	70.290669	0.203208	0.040531	1.4
789	-0.753116	71.290669	0.201006	0.023472	1.8
790	-0.686724	71.404474	0.200759	0.065337	2.5
791	-0.707878	71.181884	0.201243	0.032099	2.3
792	-0.701528	70.966599	0.201714	0.109418	3.0
793	-0.690844	70.743598	0.202205	0.030722	2.3
794	-0.661097	70.520240	0.202698	0.051617	1.9
795	-0.717344	70.296959	0.203194	0.046828	1.7
796	-0.686359	70.073601	0.203692	0.042790	1.6
797	-0.714474	69.850244	0.204193	0.005743	1.5
798	-0.758091	69.985784	0.203889	0.047421	3.0
799	-0.747271	70.597165	0.202528	0.055601	1.7
800	-0.735794	70.373807	0.203023	0.042117	1.5
801	-0.743983	70.150449	0.203520	0.034441	1.5
802	-0.703459	69.927115	0.204020	0.048450	1.4
803	-0.702807	69.703767	0.204523	0.039857	1.6
804	-0.732735	69.480409	0.205028	0.032242	2.0
805	-0.681786	69.257051	0.205535	0.051774	1.5
806	-0.740603	69.033693	0.206045	0.044906	2.3
807	-0.697955	68.810336	0.206557	0.038000	1.6
808	-0.712430	68.586980	0.207072	0.068872	2.0
809	-0.760374	68.363622	0.207590	0.061794	1.8
810	-0.690248	69.363621	0.205293	0.064108	1.9
811	-0.732573	69.140264	0.205801	0.031669	1.9
812	-0.715615	68.916906	0.206313	0.049305	1.8
813	-0.732307	68.693548	0.206826	0.040324	1.5
814	-0.740730	68.470190	0.207343	0.064426	1.7
815	-0.750032	68.246832	0.207862	0.048211	1.8
816	-0.699405	68.023474	0.208383	0.041144	1.5
817	-0.752743	67.800116	0.208907	0.052117	1.8
818	-0.700760	67.576758	0.209434	0.049554	1.5
819	-0.651547	67.353400	0.209963	0.059677	1.5
820	-0.721832	67.130043	0.210496	0.032087	1.8
821	-0.721815	66.906685	0.211030	0.061181	1.8
822	-0.753792	66.683327	0.211568	0.058823	1.7
823	-0.717870	66.459969	0.212108	0.032471	1.9
824	-0.675336	66.236671	0.212651	0.055430	1.5
825	-0.646823	66.013313	0.213197	0.041555	1.5
826	-0.764073	65.789955	0.213746	0.027126	1.8
827	-0.669726	65.566924	0.214296	0.025532	1.5
828	-0.663032	65.343606	0.214851	0.041561	1.9
829	-0.773800	65.120250	0.215408	0.060762	1.7
830	-0.716131	64.896892	0.215968	0.037074	1.7
831	-0.729022	64.673534	0.216531	0.090105	1.7
832	-0.712699	64.450176	0.217097	0.086097	1.7
833	-0.769980	64.226818	0.217666	0.037196	1.6
834	-0.766029	64.003460	0.218238	0.045213	1.5
835	-0.738572	63.780103	0.218813	0.043541	1.6
836	-0.666492	63.556745	0.219391	0.062671	1.8
837	-0.716176	63.333387	0.219972	0.040661	1.7
838	-0.719182	63.110029	0.220556	0.037425	1.4
839	-0.707474	62.886671	0.221143	0.065925	1.6
840	-0.738558	62.663313	0.221734	0.069074	1.5
841	-0.684035	62.439955	0.222327	0.075942	1.8
842	-0.703733	62.227058	0.222896	0.056551	1.5
843	-0.721862	63.227058	0.220250	0.034453	1.9
844	-0.737508	63.140832	0.220475	0.057470	1.5
845	-0.751000	62.917474	0.221062	0.040220	2.8
846	-0.740005	62.694116	0.221652	0.088999	2.3
847	-0.749062	62.470758	0.222245	0.072411	3.0
848	-0.669509	62.247400	0.222842	0.050679	3.1
849	-0.794991	62.024062	0.223441	0.068423	1.9
850	-0.672019	61.800705	0.224044	0.021795	1.9
851	-0.655759	61.577418	0.224650	0.062798	1.7
852	-0.801197	61.354063	0.225259	0.070629	1.5
853	-0.718097	61.130705	0.225871	0.068016	1.8
854	-0.791592	60.907347	0.226487	0.046985	1.7
855	-0.690280	60.683990	0.227107	0.044557	1.6
856	-0.715910	60.460632	0.227729	0.062173	2.5
857	-0.720249	60.237274	0.228356	0.096591	1.5
858	-0.703020	60.013916	0.228985	0.043856	1.8
859	-0.804645	59.790558	0.229618	0.067852	1.5
860	-0.787576	59.567200	0.230255	0.076575	1.8
861	-0.763158	59.343843	0.230895	0.064244	1.7
862	-0.730771	59.120485	0.231539	0.070556	2.1
863	-0.731332	58.897127	0.232186	0.050506	1.5
864	-0.744740	58.673769	0.232837	0.057962	2.3
865	-0.778606	58.450411	0.233491	0.053017	1.7
866	-0.736337	58.227053	0.234150	0.053171	1.9
867	-0.741350	58.003695	0.234812	0.080315	2.2
868	-0.765056	57.780337	0.235477	0.057818	1.5
869	-0.714040	57.556979	0.236147	0.059035	2.0
870	-0.725400	57.333621	0.236820	0.061929	1.8
871	-0.716136	57.110263	0.237497	0.053709	1.5
872	-0.730811	56.886905	0.238178	0.078372	1.6
873	-0.786974	56.663547	0.238863	0.065153	1.8
874	-0.718805	56.440189	0.239552	0.068552	1.5
875	-0.745555	57.440189	0.236498	0.046673	1.5
876	-0.777709	57.216832	0.237174	0.043290	1.7
877	-0.740383	56.993474	0.237853	0.072867	2.1
878	-0.707071	56.770116	0.238536	0.048414	1.6
879	-0.749672	56.546758	0.239223	0.014452	1.6
880	-0.772124	56.323409	0.239914	0.058610	1.5
881	-0.779196	56.100053	0.240609	0.055233	1.9
882	-0.736047	55.876695	0.241308	0.070009	2.1
883	-0.806684	55.653337	0.242011	0.063732	1.8
884	-0.732184	55.429979	0.242719	0.027964	1.6
885	-0.769273	55.206621	0.243430	0.042039	1.6
886	-0.731168	54.983264	0.244146	0.045681	1.7
887	-0.763957	54.759906	0.244865	0.026476	1.5
888	-0.770854	54.536548	0.245590	0.051070	1.5
889	-0.818264	54.313193	0.246318	0.042193	1.7
890	-0.805629	54.089835	0.247051	0.067960	2.1
891	-0.752578	53.866477	0.247788	0.054235	2.6
892	-0.667386	53.750338	0.248173	0.075190	2.3
893	-0.778655	53.526980	0.248916	0.063923	2.3
894	-0.771741	53.303622	0.249665	0.050013	2.2
895	-0.759782	53.080265	0.250417	0.101014	2.4
896	-0.706581	52.856907	0.251175	0.052764	2.4
897	-0.786586	52.633549	0.251937	0.043741	2.6
898	-0.704000	52.410191	0.252703	0.064827	4.2
899	-0.797073	52.186833	0.253474	0.077160	2.9
900	-0.681958	51.963475	0.254250	0.045227	2.3
901	-0.795752	51.740117	0.255031	0.037683	2.8
902	-0.794301	51.516759	0.255817	0.130303	3.0
903	-0.814268	51.293401	0.256607	0.059871	2.0
904	-0.728005	51.070043	0.257402	0.132254	2.6
905	-0.820237	50.846691	0.258202	0.121668	2.5
906	-0.769494	50.623334	0.259008	0.055235	2.1
907	-0.691597	50.399976	0.259818	0.071228	2.6
908	-0.739527	50.176618	0.260633	0.055467	2.4
909	-0.781599	49.953260	0.261454	0.073001	1.5
910	-0.797072	49.729902	0.262279	0.053493	1.9
911	-0.712087	49.506544	0.263110	0.081483	2.5
912	-0.783957	49.283186	0.263946	0.085069	1.7
913	-0.793726	49.059828	0.264788	0.111257	1.7
914	-0.730396	48.836470	0.265635	0.078306	2.2
915	-0.787560	48.613112	0.266487	0.133570	2.3
916	-0.793288	48.389754	0.267345	0.079445	2.4
917	-0.807632	48.166396	0.268208	0.082018	2.3
918	-0.819562	47.943038	0.269077	0.044594	2.5
919	-0.803292	47.719681	0.269952	0.075793	2.3
920	-0.808195	47.496323	0.270832	0.070130	2.5
921	-0.829365	47.272965	0.271718	0.055641	2.4
922	-0.751398	47.049607	0.272610	0.064743	2.1
923	-0.810568	46.826249	0.273507	0.043579	2.2
924	-0.787862	46.602891	0.274411	0.065384	2.3
925	-0.837581	46.382022	0.275311	0.034343	2.1
926	-0.823133	46.158699	0.276226	0.069674	3.0
927	-0.794240	45.935341	0.277148	0.052783	2.4
928	-0.795949	45.711983	0.278076	0.073148	2.3
929	-0.787463	46.701970	0.274010	0.074092	2.2
930	-0.782927	47.701970	0.270021	0.045386	2.2
931	-0.811759	48.700911	0.266151	0.048674	2.2
932	-0.808323	48.477553	0.267007	0.048025	3.3
933	-0.784418	48.254195	0.267868	0.050988	3.6
934	-0.810480	48.030837	0.268735	0.065252	2.4
935	-0.834532	47.807479	0.269607	0.059709	1.9
936	-0.809430	47.584121	0.270485	0.054438	1.8
937	-0.839499	47.360763	0.271369	0.030958	1.9
938	-0.845300	47.137405	0.272258	0.079393	2.3
939	-0.856885	46.914047	0.273154	0.042492	2.6
940	-0.830101	47.673935	0.270131	0.095881	3.9
941	-0.806397	47.450577	0.271013	0.045911	2.4
942	-0.781503	47.230268	0.271888	0.095852	1.8
943	-0.804301	47.006910	0.272781	0.032025	2.4
944	-0.797603	46.783553	0.273680	0.062520	1.6
945	-0.736430	46.560195	0.274585	0.049097	1.6
946	-0.872941	46.336837	0.275495	0.047763	1.8
947	-0.849495	46.113479	0.276412	0.045588	2.4
948	-0.820899	45.890121	0.277335	0.039432	2.4
949	-0.776396	45.666763	0.278264	0.049985	1.7
950	-0.828268	45.443997	0.279197	0.038131	1.9
951	-0.832311	45.220639	0.280139	0.040081	2.6
952	-0.791052	44.997281	0.281087	0.065062	3.3
953	-0.785586	44.773923	0.282042	0.057405	2.2
954	-0.758886	44.550565	0.283003	0.076976	2.7
955	-0.775934	45.550565	0.278750	0.029784	1.7
956	-0.854058	45.735992	0.277976	0.064786	2.2
957	-0.861420	46.699423	0.274020	0.036704	1.5
958	-0.825571	46.476065	0.274927	0.072834	1.8
959	-0.786661	47.476064	0.270912	0.044524	1.9
960	-0.823531	47.252706	0.271799	0.049510	1.7
961	-0.765830	47.029348	0.272691	0.074567	1.9
962	-0.868063	46.805990	0.273589	0.073480	1.6
963	-0.776123	47.805990	0.269613	0.122001	1.5
964	-0.843583	48.805990	0.265751	0.090354	1.8
965	-0.792158	49.805990	0.261997	0.036383	1.5
966	-0.835268	49.582632	0.262826	0.049122	2.2
967	-0.849659	49.359274	0.263661	0.051583	1.8
968	-0.775752	50.357961	0.259971	0.073256	1.6
969	-0.845970	50.134603	0.260787	0.061132	1.7
970	-0.858391	51.134603	0.257172	0.056446	2.0
971	-0.755156	50.911245	0.257971	0.062819	1.8
972	-0.771020	50.784274	0.258427	0.087955	2.1
973	-0.851856	50.560916	0.259233	0.054075	1.8
974	-0.804478	51.560915	0.255661	0.057521	1.8
975	-0.860829	51.397618	0.256238	0.085557	2.0
976	-0.822579	51.174260	0.257030	0.040088	1.9
977	-0.877107	52.174226	0.253518	0.075940	1.9
978	-0.859577	51.950868	0.254294	0.078798	2.0
979	-0.779936	51.727510	0.255075	0.025284	1.8
980	-0.789722	51.504168	0.255861	0.021253	1.7
981	-0.826736	51.304255	0.256568	0.027732	1.7
982	-0.805178	52.213966	0.253380	0.030679	1.8
983	-0.833935	51.994109	0.254144	0.032308	1.7
984	-0.821741	51.770810	0.254923	0.031282	1.5
985	-0.792829	51.547478	0.255708	0.073944	1.7
986	-0.817267	51.324149	0.256498	0.049988	1.8
987	-0.837189	51.100791	0.257292	0.038620	1.8
988	-0.882424	50.877462	0.258092	0.046160	2.3
989	-0.840089	50.654104	0.258896	0.069800	2.2
990	-0.757636	51.654103	0.255333	0.048883	2.9
991	-0.815257	52.654103	0.251866	0.030954	2.4
992	-0.827899	52.430745	0.252632	0.060886	2.6
993	-0.826191	52.207387	0.253403	0.053644	3.9
994	-0.821451	51.984029	0.254179	0.088776	1.6
995	-0.849392	51.760671	0.254959	0.026174	1.7
996	-0.812870	51.537313	0.255744	0.052390	2.0
997	-0.886849	51.313955	0.256534	0.067798	1.7
998	-0.862090	52.313955	0.253035	0.057414	1.7
999	-0.847811	52.090598	0.253808	0.071767	2.1
