1:ItNr	2:Metric	3a:Time	3b:StepSize	4:||Gradient||	Time[ms]
0	-0.232819	0.000000	36.331032	0.002987	589.5
1	-0.233148	0.000000	36.331032	0.002147	13.2
2	-0.233081	1.000000	34.679622	0.004412	13.0
3	-0.232679	2.000000	33.171812	0.010158	13.9
4	-0.231991	3.000000	31.789653	0.014392	15.8
5	-0.231600	4.000000	30.518067	0.019007	14.4
6	-0.230345	5.000000	29.344295	0.018566	14.2
7	-0.233190	6.000000	28.257470	0.008358	14.9
8	-0.232867	7.000000	27.248274	0.003350	14.4
9	-0.232723	6.990000	27.258009	0.005019	14.8
10	-0.232993	7.990000	26.317754	0.002773	16.1
11	-0.233307	7.980000	26.326835	0.005471	13.0
12	-0.232833	7.970000	26.335923	0.012203	13.3
13	-0.232908	8.970000	25.457180	0.003842	13.5
14	-0.232619	9.970000	24.635185	0.003871	17.3
15	-0.232649	10.970000	23.864613	0.006902	14.0
16	-0.232437	11.970000	23.140785	0.004187	14.2
17	-0.233396	11.960000	23.147806	0.001953	18.4
18	-0.233448	11.950000	23.154831	0.000708	13.3
19	-0.233443	11.940000	23.161860	0.001712	14.4
20	-0.233391	12.940000	22.479425	0.003842	20.4
21	-0.233275	13.940000	21.836053	0.006133	24.5
22	-0.233100	14.940000	21.228483	0.009135	23.3
23	-0.232976	15.940000	20.653808	0.002183	17.1
24	-0.233106	16.940000	20.109428	0.005793	14.4
25	-0.233336	16.930000	20.114729	0.004829	13.5
26	-0.233276	17.930000	19.598040	0.006078	16.7
27	-0.233205	18.930000	19.107230	0.007250	15.2
28	-0.233164	19.930000	18.640403	0.005884	12.9
29	-0.233367	20.930000	18.195843	0.004256	26.7
30	-0.233376	21.930000	17.771994	0.005618	22.1
31	-0.233250	22.930000	17.367441	0.006364	13.0
32	-0.233307	23.930000	16.980897	0.006041	13.9
33	-0.233297	24.930000	16.611184	0.005477	13.7
34	-0.233381	25.930000	16.257227	0.005568	14.0
35	-0.233299	26.930000	15.918041	0.005416	12.8
36	-0.233410	27.930000	15.592718	0.005280	11.7
37	-0.233320	28.930000	15.280426	0.005042	11.7
38	-0.233443	29.930000	14.980398	0.004804	13.4
39	-0.233344	30.930000	14.691925	0.004626	14.5
40	-0.233467	31.930000	14.414353	0.004362	13.2
41	-0.233367	32.930000	14.147074	0.004261	13.0
42	-0.233472	33.930000	13.889526	0.004042	15.7
43	-0.233384	34.930000	13.641189	0.003967	15.1
44	-0.233474	35.930000	13.401575	0.003773	12.5
45	-0.233398	36.930000	13.170234	0.003691	14.1
46	-0.233476	37.930000	12.946745	0.003501	14.4
47	-0.233409	38.930000	12.730714	0.003410	14.3
48	-0.233482	39.930000	12.521774	0.003223	16.0
49	-0.233419	40.930000	12.319581	0.003114	13.8
50	-0.233482	41.930000	12.123815	0.002921	13.7
51	-0.233428	42.930000	11.934173	0.002793	13.5
52	-0.233482	43.930000	11.750372	0.002596	12.2
53	-0.233435	44.930000	11.572147	0.002450	12.1
54	-0.233487	45.930000	11.399248	0.002250	16.1
55	-0.233442	46.930000	11.231439	0.002090	12.7
56	-0.233486	47.930000	11.068500	0.001889	13.8
57	-0.233446	48.930000	10.910220	0.001720	12.9
58	-0.233484	49.930000	10.756403	0.001524	12.8
59	-0.233450	50.930000	10.606863	0.001349	13.2
60	-0.233487	51.930000	10.461424	0.001165	13.2
61	-0.233453	52.930000	10.319920	0.000996	15.0
62	-0.233489	53.930000	10.182192	0.000831	14.4
63	-0.233466	54.930000	10.048093	0.000684	12.4
64	-0.233484	55.930000	9.917479	0.000549	12.2
65	-0.233473	56.930000	9.790218	0.000431	11.7
66	-0.233485	57.930000	9.666181	0.000331	11.9
67	-0.233479	58.930000	9.545248	0.000247	14.1
68	-0.233485	59.930000	9.427304	0.000180	15.9
69	-0.233479	60.930000	9.312238	0.000128	13.1
70	-0.233485	61.930000	9.199948	0.000088	12.7
71	-0.233485	62.930000	9.090333	0.000060	13.2
72	-0.233485	63.930000	8.983300	0.000040	14.1
73	-0.233485	64.930000	8.878758	0.000026	15.4
74	-0.233485	65.930000	8.776621	0.000018	14.8
75	-0.233485	66.930000	8.676807	0.000013	12.1
76	-0.233485	67.930000	8.579239	0.000010	16.8
77	-0.233491	67.920000	8.580203	0.000009	12.8
78	-0.233491	67.910000	8.581168	0.000008	13.1
79	-0.233491	67.900000	8.582134	0.000007	13.0
80	-0.233491	67.890000	8.583099	0.000007	13.4
81	-0.233491	67.880000	8.584065	0.000006	15.0
82	-0.233491	67.870000	8.585031	0.000006	14.0
83	-0.233491	67.860000	8.585997	0.000005	13.9
84	-0.233491	67.850000	8.586963	0.000005	14.3
85	-0.233491	67.840000	8.587930	0.000004	15.4
86	-0.233491	67.830000	8.588897	0.000004	12.9
87	-0.233491	67.820000	8.589864	0.000004	15.5
88	-0.233491	67.810000	8.590831	0.000003	13.1
89	-0.233491	67.800000	8.591798	0.000003	14.6
90	-0.233491	67.790000	8.592766	0.000003	14.6
91	-0.233491	67.780000	8.593734	0.000003	14.3
92	-0.233491	67.770000	8.594702	0.000002	14.5
93	-0.233491	67.760000	8.595670	0.000002	13.2
94	-0.233491	67.750000	8.596639	0.000002	12.4
95	-0.233491	67.740000	8.597607	0.000002	13.2
96	-0.233491	67.730000	8.598576	0.000002	15.9
97	-0.233491	67.720000	8.599546	0.000002	14.5
98	-0.233491	67.710000	8.600515	0.000002	13.8
99	-0.233491	67.700000	8.601485	0.000001	14.4
100	-0.233491	67.690000	8.602454	0.000001	14.1
101	-0.233491	67.680000	8.603424	0.000001	13.5
102	-0.233491	67.670000	8.604395	0.000001	20.9
103	-0.233491	67.660000	8.605365	0.000001	13.6
104	-0.233491	67.650000	8.606336	0.000001	15.0
105	-0.233491	67.640000	8.607307	0.000001	18.6
106	-0.233491	67.630000	8.608278	0.000001	13.4
107	-0.233491	67.620000	8.609249	0.000001	13.3
108	-0.233491	67.610000	8.610221	0.000001	14.2
109	-0.233491	67.600000	8.611193	0.000001	14.2
110	-0.233491	67.590000	8.612165	0.000001	14.3
111	-0.233491	67.580000	8.613137	0.000001	14.7
112	-0.233491	67.570000	8.614110	0.000000	14.9
113	-0.233491	67.560000	8.615082	0.000000	13.6
114	-0.233491	67.550000	8.616055	0.000000	16.5
115	-0.233491	67.540000	8.617028	0.000000	16.0
116	-0.233491	67.530000	8.618002	0.000000	14.4
117	-0.233491	67.520000	8.618975	0.000000	14.2
118	-0.233491	67.510000	8.619949	0.000000	13.8
119	-0.233491	67.500001	8.620923	0.000000	15.4
120	-0.233491	67.490004	8.621897	0.000000	14.7
121	-0.233491	67.480015	8.622870	0.000000	15.6
122	-0.233491	67.470045	8.623842	0.000000	13.4
123	-0.233491	67.460119	8.624810	0.000000	12.4
124	-0.233491	67.450273	8.625770	0.000000	13.5
125	-0.233491	67.440563	8.626717	0.000000	12.6
126	-0.233491	67.431059	8.627644	0.000000	15.5
127	-0.233491	67.421840	8.628543	0.000000	14.3
128	-0.233491	67.412990	8.629407	0.000000	14.1
129	-0.233491	67.404586	8.630227	0.000000	14.2
130	-0.233491	67.396693	8.630998	0.000000	13.9
131	-0.233491	67.389362	8.631714	0.000000	14.1
132	-0.233491	67.382622	8.632372	0.000000	13.0
133	-0.233491	67.376485	8.632972	0.000000	16.0
134	-0.233491	67.370948	8.633512	0.000000	12.8
135	-0.233491	67.365991	8.633997	0.000000	14.7
136	-0.233491	67.361585	8.634427	0.000000	13.0
137	-0.233491	67.357694	8.634808	0.000000	13.3
138	-0.233491	67.354276	8.635142	0.000000	14.7
139	-0.233491	67.351288	8.635434	0.000000	14.6
140	-0.233491	67.348688	8.635688	0.000000	14.1
141	-0.233491	67.346433	8.635908	0.000000	14.0
142	-0.233491	67.344483	8.636099	0.000000	15.3
143	-0.233491	67.342802	8.636263	0.000000	15.2
144	-0.233491	67.341356	8.636404	0.000000	13.9
145	-0.233491	67.340115	8.636526	0.000000	14.5
146	-0.233491	67.339051	8.636630	0.000000	14.3
147	-0.233491	67.338141	8.636719	0.000000	13.9
148	-0.233491	67.337362	8.636795	0.000000	13.6
149	-0.233491	67.336698	8.636860	0.000000	15.0
150	-0.233491	67.336131	8.636915	0.000000	14.9
151	-0.233491	67.335648	8.636963	0.000000	12.4
152	-0.233491	67.335236	8.637003	0.000000	16.2
153	-0.233491	67.334886	8.637037	0.000000	15.3
154	-0.233491	67.334588	8.637066	0.000000	12.6
155	-0.233491	67.334334	8.637091	0.000000	12.6
156	-0.233491	67.334118	8.637112	0.000000	13.6
157	-0.233491	67.333935	8.637130	0.000000	15.5
158	-0.233491	67.333779	8.637145	0.000000	16.3
159	-0.233491	67.333646	8.637158	0.000000	14.4
160	-0.233491	67.333534	8.637169	0.000000	14.8
161	-0.233491	67.333438	8.637179	0.000000	13.5
162	-0.233491	67.333357	8.637187	0.000000	13.8
163	-0.233491	67.333288	8.637193	0.000000	15.3
164	-0.233491	67.333230	8.637199	0.000000	14.0
165	-0.233491	67.333180	8.637204	0.000000	14.8
166	-0.233491	67.333138	8.637208	0.000000	15.0
167	-0.233491	67.333102	8.637211	0.000000	14.1
168	-0.233491	67.333072	8.637214	0.000000	13.7
169	-0.233491	67.333046	8.637217	0.000000	13.7
170	-0.233491	67.333024	8.637219	0.000000	13.5
171	-0.233491	67.333005	8.637221	0.000000	14.7
172	-0.233491	67.332989	8.637222	0.000000	15.1
173	-0.233491	67.332976	8.637224	0.000000	13.8
174	-0.233491	67.332965	8.637225	0.000000	11.9
175	-0.233491	67.332955	8.637226	0.000000	11.8
176	-0.233491	67.332947	8.637227	0.000000	15.4
177	-0.233491	67.332940	8.637227	0.000000	13.7
178	-0.233491	67.332934	8.637228	0.000000	13.1
179	-0.233491	67.332929	8.637228	0.000000	16.6
180	-0.233491	67.332925	8.637229	0.000000	13.1
181	-0.233491	67.332921	8.637229	0.000000	14.5
182	-0.233491	67.332918	8.637229	0.000000	14.6
183	-0.233491	67.332915	8.637230	0.000000	15.1
184	-0.233491	67.332913	8.637230	0.000000	15.4
185	-0.233491	67.332911	8.637230	0.000000	14.4
186	-0.233491	67.332910	8.637230	0.000000	16.3
187	-0.233491	67.332908	8.637230	0.000000	16.7
188	-0.233491	67.332907	8.637231	0.000000	15.4
189	-0.233491	67.332906	8.637231	0.000000	18.1
190	-0.233491	67.332905	8.637231	0.000000	14.6
191	-0.233491	67.332905	8.637231	0.000000	12.8
192	-0.233491	67.332904	8.637231	0.000000	12.0
193	-0.233491	67.332904	8.637231	0.000000	13.4
194	-0.233491	67.332903	8.637231	0.000000	13.4
195	-0.233491	67.332903	8.637231	0.000000	12.7
196	-0.233491	67.332903	8.637231	0.000000	13.5
197	-0.233491	67.332902	8.637231	0.000000	13.1
198	-0.233491	67.332902	8.637231	0.000000	13.6
199	-0.233491	67.332902	8.637231	0.000000	15.1
200	-0.233491	67.332902	8.637231	0.000000	14.9
201	-0.233491	67.332902	8.637231	0.000000	13.8
202	-0.233491	67.332901	8.637231	0.000000	14.0
203	-0.233491	67.332901	8.637231	0.000000	14.5
204	-0.233491	67.332901	8.637231	0.000000	15.0
205	-0.233491	67.332901	8.637231	0.000000	12.1
206	-0.233491	67.332901	8.637231	0.000000	13.4
207	-0.233491	67.332901	8.637231	0.000000	11.6
208	-0.233491	67.332901	8.637231	0.000000	13.1
209	-0.233491	67.332901	8.637231	0.000000	13.2
210	-0.233491	67.332901	8.637231	0.000000	14.4
211	-0.233491	67.332901	8.637231	0.000000	12.8
212	-0.233491	67.332901	8.637231	0.000000	15.7
213	-0.233491	67.332901	8.637231	0.000000	14.5
214	-0.233491	67.332901	8.637231	0.000000	16.2
215	-0.233491	67.332901	8.637231	0.000000	13.8
216	-0.233491	67.332901	8.637231	0.000000	14.4
217	-0.233491	67.332901	8.637231	0.000000	14.4
218	-0.233491	67.332901	8.637231	0.000000	14.3
219	-0.233491	67.332901	8.637231	0.000000	14.8
220	-0.233491	67.332901	8.637231	0.000000	13.3
221	-0.233491	67.332901	8.637231	0.000000	14.1
222	-0.233491	67.332901	8.637231	0.000000	12.9
223	-0.233491	67.332901	8.637231	0.000000	17.7
224	-0.233491	67.332901	8.637231	0.000000	13.6
225	-0.233491	67.332901	8.637231	0.000000	13.2
226	-0.233491	67.332901	8.637231	0.000000	13.5
227	-0.233491	67.332901	8.637231	0.000000	12.9
228	-0.233491	67.332901	8.637231	0.000000	14.9
229	-0.233491	67.332901	8.637231	0.000000	13.6
230	-0.233491	67.332901	8.637231	0.000000	15.2
231	-0.233491	67.332901	8.637231	0.000000	13.3
232	-0.233491	67.332901	8.637231	0.000000	16.9
233	-0.233491	67.332901	8.637231	0.000000	13.5
234	-0.233491	67.332901	8.637231	0.000000	14.7
235	-0.233491	67.332901	8.637231	0.000000	15.6
236	-0.233491	67.332901	8.637231	0.000000	14.9
237	-0.233491	67.332901	8.637231	0.000000	14.8
238	-0.233491	67.332901	8.637231	0.000000	13.3
239	-0.233491	67.332901	8.637231	0.000000	13.8
240	-0.233491	67.332901	8.637231	0.000000	14.6
241	-0.233491	67.332901	8.637231	0.000000	15.9
242	-0.233491	67.332901	8.637231	0.000000	13.5
243	-0.233491	67.332901	8.637231	0.000000	12.4
244	-0.233491	67.332901	8.637231	0.000000	13.5
245	-0.233491	67.332901	8.637231	0.000000	15.6
246	-0.233491	67.332901	8.637231	0.000000	12.4
247	-0.233491	67.332901	8.637231	0.000000	15.6
248	-0.233491	67.332901	8.637231	0.000000	15.9
249	-0.233491	67.332901	8.637231	0.000000	13.7
250	-0.233491	67.332901	8.637231	0.000000	14.4
251	-0.233491	67.332901	8.637231	0.000000	16.7
252	-0.233491	67.332901	8.637231	0.000000	12.1
253	-0.233491	67.332901	8.637231	0.000000	14.5
254	-0.233491	67.332901	8.637231	0.000000	15.9
255	-0.233491	67.332901	8.637231	0.000000	12.8
256	-0.233491	67.332901	8.637231	0.000000	13.0
257	-0.233491	67.332901	8.637231	0.000000	15.1
258	-0.233491	67.332901	8.637231	0.000000	12.8
259	-0.233491	67.332901	8.637231	0.000000	14.1
260	-0.233491	67.332901	8.637231	0.000000	14.0
261	-0.233491	67.332901	8.637231	0.000000	14.3
262	-0.233491	67.332901	8.637231	0.000000	13.1
263	-0.233491	67.332901	8.637231	0.000000	13.2
264	-0.233491	67.332901	8.637231	0.000000	13.3
265	-0.233491	67.332901	8.637231	0.000000	16.5
266	-0.233491	67.332901	8.637231	0.000000	13.1
267	-0.233491	67.332901	8.637231	0.000000	14.9
268	-0.233491	67.332901	8.637231	0.000000	13.7
269	-0.233491	67.332901	8.637231	0.000000	14.3
270	-0.233491	67.332901	8.637231	0.000000	13.5
271	-0.233491	67.332901	8.637231	0.000000	15.1
272	-0.233491	67.332901	8.637231	0.000000	13.8
273	-0.233491	67.332901	8.637231	0.000000	14.5
274	-0.233491	67.332901	8.637231	0.000000	13.7
275	-0.233491	67.332901	8.637231	0.000000	15.5
276	-0.233491	67.332901	8.637231	0.000000	14.4
277	-0.233491	67.332901	8.637231	0.000000	14.6
278	-0.233491	67.332901	8.637231	0.000000	12.2
279	-0.233491	67.332901	8.637231	0.000000	13.5
280	-0.233491	67.332901	8.637231	0.000000	15.6
281	-0.233491	67.332901	8.637231	0.000000	13.0
282	-0.233491	67.332901	8.637231	0.000000	13.0
283	-0.233491	67.332901	8.637231	0.000000	13.9
284	-0.233491	67.332901	8.637231	0.000000	14.0
285	-0.233491	67.332901	8.637231	0.000000	15.6
286	-0.233491	67.332901	8.637231	0.000000	13.1
287	-0.233491	67.332901	8.637231	0.000000	13.2
288	-0.233491	67.332901	8.637231	0.000000	14.7
289	-0.233491	67.332901	8.637231	0.000000	14.2
290	-0.233491	67.332901	8.637231	0.000000	14.7
291	-0.233491	67.332901	8.637231	0.000000	14.0
292	-0.233491	67.332901	8.637231	0.000000	15.8
293	-0.233491	67.332901	8.637231	0.000000	16.4
294	-0.233491	67.332901	8.637231	0.000000	13.3
295	-0.233491	67.332901	8.637231	0.000000	12.8
296	-0.233491	67.332901	8.637231	0.000000	15.8
297	-0.233491	67.332901	8.637231	0.000000	13.4
298	-0.233491	67.332901	8.637231	0.000000	16.9
299	-0.233491	67.332901	8.637231	0.000000	16.2
300	-0.233491	67.332901	8.637231	0.000000	14.5
301	-0.233491	67.332901	8.637231	0.000000	14.2
302	-0.233491	67.332901	8.637231	0.000000	13.2
303	-0.233491	67.332901	8.637231	0.000000	12.8
304	-0.233491	67.332901	8.637231	0.000000	14.2
305	-0.233491	67.332901	8.637231	0.000000	13.4
306	-0.233491	67.332901	8.637231	0.000000	16.8
307	-0.233491	67.332901	8.637231	0.000000	13.1
308	-0.233491	67.332901	8.637231	0.000000	14.1
309	-0.233491	67.332901	8.637231	0.000000	16.6
310	-0.233491	67.332901	8.637231	0.000000	13.3
311	-0.233491	67.332901	8.637231	0.000000	13.2
312	-0.233491	67.332901	8.637231	0.000000	14.8
313	-0.233491	67.332901	8.637231	0.000000	14.3
314	-0.233491	67.332901	8.637231	0.000000	13.7
315	-0.233491	67.332901	8.637231	0.000000	14.8
316	-0.233491	67.332901	8.637231	0.000000	14.0
317	-0.233491	67.332901	8.637231	0.000000	12.9
318	-0.233491	67.332901	8.637231	0.000000	13.1
319	-0.233491	67.332901	8.637231	0.000000	12.7
320	-0.233491	67.332901	8.637231	0.000000	14.9
321	-0.233491	67.332901	8.637231	0.000000	14.8
322	-0.233491	67.332901	8.637231	0.000000	13.7
323	-0.233491	67.332901	8.637231	0.000000	13.8
324	-0.233491	67.332901	8.637231	0.000000	14.5
325	-0.233491	67.332901	8.637231	0.000000	13.9
326	-0.233491	67.332901	8.637231	0.000000	14.3
327	-0.233491	67.332901	8.637231	0.000000	14.1
328	-0.233491	67.332901	8.637231	0.000000	14.1
329	-0.233491	67.332901	8.637231	0.000000	14.1
330	-0.233491	67.332901	8.637231	0.000000	13.1
331	-0.233491	67.332901	8.637231	0.000000	14.4
332	-0.233491	67.332901	8.637231	0.000000	14.1
333	-0.233491	67.332901	8.637231	0.000000	13.8
334	-0.233491	67.332901	8.637231	0.000000	12.4
335	-0.233491	67.332901	8.637231	0.000000	14.1
336	-0.233491	67.332901	8.637231	0.000000	13.9
337	-0.233491	67.332901	8.637231	0.000000	14.0
338	-0.233491	67.332901	8.637231	0.000000	13.3
339	-0.233491	67.332901	8.637231	0.000000	14.6
340	-0.233491	67.332901	8.637231	0.000000	13.6
341	-0.233491	67.332901	8.637231	0.000000	13.0
342	-0.233491	67.332901	8.637231	0.000000	12.4
343	-0.233491	67.332901	8.637231	0.000000	12.2
344	-0.233491	67.332901	8.637231	0.000000	15.8
345	-0.233491	67.332901	8.637231	0.000000	12.0
346	-0.233491	67.332901	8.637231	0.000000	14.5
347	-0.233491	67.332901	8.637231	0.000000	15.7
348	-0.233491	67.332901	8.637231	0.000000	12.7
349	-0.233491	67.332901	8.637231	0.000000	12.2
350	-0.233491	67.332901	8.637231	0.000000	12.4
351	-0.233491	67.332901	8.637231	0.000000	15.2
352	-0.233491	67.332901	8.637231	0.000000	14.1
353	-0.233491	67.332901	8.637231	0.000000	12.9
354	-0.233491	67.332901	8.637231	0.000000	13.6
355	-0.233491	67.332901	8.637231	0.000000	13.2
356	-0.233491	67.332901	8.637231	0.000000	13.0
357	-0.233491	67.332901	8.637231	0.000000	12.6
358	-0.233491	67.332901	8.637231	0.000000	15.4
359	-0.233491	67.332901	8.637231	0.000000	12.2
360	-0.233491	67.332901	8.637231	0.000000	15.6
361	-0.233491	67.332901	8.637231	0.000000	12.0
362	-0.233491	67.332901	8.637231	0.000000	12.3
363	-0.233491	67.332901	8.637231	0.000000	12.9
364	-0.233491	67.332901	8.637231	0.000000	12.9
365	-0.233491	67.332901	8.637231	0.000000	15.3
366	-0.233491	67.332901	8.637231	0.000000	13.1
367	-0.233491	67.332901	8.637231	0.000000	14.6
368	-0.233491	67.332901	8.637231	0.000000	14.0
369	-0.233491	67.332901	8.637231	0.000000	13.8
370	-0.233491	67.332901	8.637231	0.000000	13.5
371	-0.233491	67.332901	8.637231	0.000000	14.4
372	-0.233491	67.332901	8.637231	0.000000	14.2
373	-0.233491	67.332901	8.637231	0.000000	14.4
374	-0.233491	67.332901	8.637231	0.000000	14.2
375	-0.233491	67.332901	8.637231	0.000000	14.3
376	-0.233491	67.332901	8.637231	0.000000	14.2
377	-0.233491	67.332901	8.637231	0.000000	13.0
378	-0.233491	67.332901	8.637231	0.000000	12.2
379	-0.233491	67.332901	8.637231	0.000000	13.0
380	-0.233491	67.332901	8.637231	0.000000	14.0
381	-0.233491	67.332901	8.637231	0.000000	15.4
382	-0.233491	67.332901	8.637231	0.000000	14.1
383	-0.233491	67.332901	8.637231	0.000000	13.8
384	-0.233491	67.332901	8.637231	0.000000	14.5
385	-0.233491	67.332901	8.637231	0.000000	13.7
386	-0.233491	67.332901	8.637231	0.000000	14.9
387	-0.233491	67.332901	8.637231	0.000000	14.7
388	-0.233491	67.332901	8.637231	0.000000	14.0
389	-0.233491	67.332901	8.637231	0.000000	13.2
390	-0.233491	67.332901	8.637231	0.000000	13.0
391	-0.233491	67.332901	8.637231	0.000000	13.8
392	-0.233491	67.332901	8.637231	0.000000	13.9
393	-0.233491	67.332901	8.637231	0.000000	13.5
394	-0.233491	67.332901	8.637231	0.000000	13.4
395	-0.233491	67.332901	8.637231	0.000000	13.5
396	-0.233491	67.332901	8.637231	0.000000	12.4
397	-0.233491	67.332901	8.637231	0.000000	13.1
398	-0.233491	67.332901	8.637231	0.000000	15.4
399	-0.233491	67.332901	8.637231	0.000000	13.9
400	-0.233491	67.332901	8.637231	0.000000	12.9
401	-0.233491	67.332901	8.637231	0.000000	12.1
402	-0.233491	67.332901	8.637231	0.000000	14.6
403	-0.233491	67.332901	8.637231	0.000000	12.4
404	-0.233491	67.332901	8.637231	0.000000	15.6
405	-0.233491	67.332901	8.637231	0.000000	12.7
406	-0.233491	67.332901	8.637231	0.000000	12.7
407	-0.233491	67.332901	8.637231	0.000000	12.8
408	-0.233491	67.332901	8.637231	0.000000	13.2
409	-0.233491	67.332901	8.637231	0.000000	12.3
410	-0.233491	67.332901	8.637231	0.000000	14.6
411	-0.233491	67.332901	8.637231	0.000000	14.0
412	-0.233491	67.332901	8.637231	0.000000	13.0
413	-0.233491	67.332901	8.637231	0.000000	15.7
414	-0.233491	67.332901	8.637231	0.000000	14.6
415	-0.233491	67.332901	8.637231	0.000000	13.1
416	-0.233491	67.332901	8.637231	0.000000	14.8
417	-0.233491	67.332901	8.637231	0.000000	15.5
418	-0.233491	67.332901	8.637231	0.000000	14.2
419	-0.233491	67.332901	8.637231	0.000000	12.6
420	-0.233491	67.332901	8.637231	0.000000	13.1
421	-0.233491	67.332901	8.637231	0.000000	12.5
422	-0.233491	67.332901	8.637231	0.000000	12.9
423	-0.233491	67.332901	8.637231	0.000000	13.1
424	-0.233491	67.332901	8.637231	0.000000	13.1
425	-0.233491	67.332901	8.637231	0.000000	12.9
426	-0.233491	67.332901	8.637231	0.000000	12.5
427	-0.233491	67.332901	8.637231	0.000000	12.8
428	-0.233491	67.332901	8.637231	0.000000	13.1
429	-0.233491	67.332901	8.637231	0.000000	13.1
430	-0.233491	67.332901	8.637231	0.000000	13.1
431	-0.233491	67.332901	8.637231	0.000000	11.9
432	-0.233491	67.332901	8.637231	0.000000	12.8
433	-0.233491	67.332901	8.637231	0.000000	15.8
434	-0.233491	67.332901	8.637231	0.000000	13.2
435	-0.233491	67.332901	8.637231	0.000000	14.3
436	-0.233491	67.332901	8.637231	0.000000	15.6
437	-0.233491	67.332901	8.637231	0.000000	14.0
438	-0.233491	67.332901	8.637231	0.000000	16.8
439	-0.233491	67.332901	8.637231	0.000000	12.9
440	-0.233491	67.332901	8.637231	0.000000	12.7
441	-0.233491	67.332901	8.637231	0.000000	12.7
442	-0.233491	67.332901	8.637231	0.000000	13.1
443	-0.233491	67.332901	8.637231	0.000000	12.8
444	-0.233491	67.332901	8.637231	0.000000	13.1
445	-0.233491	67.332901	8.637231	0.000000	13.2
446	-0.233491	67.332901	8.637231	0.000000	13.8
447	-0.233491	67.332901	8.637231	0.000000	12.6
448	-0.233491	67.332901	8.637231	0.000000	14.2
449	-0.233491	67.332901	8.637231	0.000000	12.0
450	-0.233491	67.332901	8.637231	0.000000	13.9
451	-0.233491	67.332901	8.637231	0.000000	14.1
452	-0.233491	67.332901	8.637231	0.000000	12.0
453	-0.233491	67.332901	8.637231	0.000000	12.7
454	-0.233491	67.332901	8.637231	0.000000	15.7
455	-0.233491	67.332901	8.637231	0.000000	14.7
456	-0.233491	67.332901	8.637231	0.000000	14.4
457	-0.233491	67.332901	8.637231	0.000000	13.3
458	-0.233491	67.332901	8.637231	0.000000	14.4
459	-0.233491	67.332901	8.637231	0.000000	12.1
460	-0.233491	67.332901	8.637231	0.000000	13.0
461	-0.233491	67.332901	8.637231	0.000000	14.9
462	-0.233491	67.332901	8.637231	0.000000	15.8
463	-0.233491	67.332901	8.637231	0.000000	13.0
464	-0.233491	67.332901	8.637231	0.000000	13.8
465	-0.233491	67.332901	8.637231	0.000000	14.7
466	-0.233491	67.332901	8.637231	0.000000	12.2
467	-0.233491	67.332901	8.637231	0.000000	15.9
468	-0.233491	67.332901	8.637231	0.000000	12.4
469	-0.233491	67.332901	8.637231	0.000000	14.3
470	-0.233491	67.332901	8.637231	0.000000	14.7
471	-0.233491	67.332901	8.637231	0.000000	14.2
472	-0.233491	67.332901	8.637231	0.000000	17.3
473	-0.233491	67.332901	8.637231	0.000000	15.1
474	-0.233491	67.332901	8.637231	0.000000	13.9
475	-0.233491	67.332901	8.637231	0.000000	17.8
476	-0.233491	67.332901	8.637231	0.000000	13.1
477	-0.233491	67.332901	8.637231	0.000000	13.9
478	-0.233491	67.332901	8.637231	0.000000	14.7
479	-0.233491	67.332901	8.637231	0.000000	13.8
480	-0.233491	67.332901	8.637231	0.000000	15.3
481	-0.233491	67.332901	8.637231	0.000000	13.3
482	-0.233491	67.332901	8.637231	0.000000	14.0
483	-0.233491	67.332901	8.637231	0.000000	14.0
484	-0.233491	67.332901	8.637231	0.000000	14.8
485	-0.233491	67.332901	8.637231	0.000000	14.2
486	-0.233491	67.332901	8.637231	0.000000	14.2
487	-0.233491	67.332901	8.637231	0.000000	14.7
488	-0.233491	67.332901	8.637231	0.000000	15.4
489	-0.233491	67.332901	8.637231	0.000000	13.6
490	-0.233491	67.332901	8.637231	0.000000	12.4
491	-0.233491	67.332901	8.637231	0.000000	13.3
492	-0.233491	67.332901	8.637231	0.000000	14.6
493	-0.233491	67.332901	8.637231	0.000000	15.5
494	-0.233491	67.332901	8.637231	0.000000	15.5
495	-0.233491	67.332901	8.637231	0.000000	15.8
496	-0.233491	67.332901	8.637231	0.000000	14.0
497	-0.233491	67.332901	8.637231	0.000000	16.5
498	-0.233491	67.332901	8.637231	0.000000	12.6
499	-0.233491	67.332901	8.637231	0.000000	13.9
500	-0.233491	67.332901	8.637231	0.000000	13.3
501	-0.233491	67.332901	8.637231	0.000000	15.3
502	-0.233491	67.332901	8.637231	0.000000	15.0
503	-0.233491	67.332901	8.637231	0.000000	12.7
504	-0.233491	67.332901	8.637231	0.000000	13.1
505	-0.233491	67.332901	8.637231	0.000000	15.2
506	-0.233491	67.332901	8.637231	0.000000	14.6
507	-0.233491	67.332901	8.637231	0.000000	13.1
508	-0.233491	67.332901	8.637231	0.000000	14.9
509	-0.233491	67.332901	8.637231	0.000000	12.7
510	-0.233491	67.332901	8.637231	0.000000	13.0
511	-0.233491	67.332901	8.637231	0.000000	16.2
512	-0.233491	67.332901	8.637231	0.000000	15.3
513	-0.233491	67.332901	8.637231	0.000000	14.8
514	-0.233491	67.332901	8.637231	0.000000	12.1
515	-0.233491	67.332901	8.637231	0.000000	12.9
516	-0.233491	67.332901	8.637231	0.000000	15.4
517	-0.233491	67.332901	8.637231	0.000000	13.1
518	-0.233491	67.332901	8.637231	0.000000	12.8
519	-0.233491	67.332901	8.637231	0.000000	12.5
520	-0.233491	67.332901	8.637231	0.000000	14.6
521	-0.233491	67.332901	8.637231	0.000000	13.6
522	-0.233491	67.332901	8.637231	0.000000	14.3
523	-0.233491	67.332901	8.637231	0.000000	13.9
524	-0.233491	67.332901	8.637231	0.000000	13.2
525	-0.233491	67.332901	8.637231	0.000000	12.8
526	-0.233491	67.332901	8.637231	0.000000	13.8
527	-0.233491	67.332901	8.637231	0.000000	12.2
528	-0.233491	67.332901	8.637231	0.000000	12.0
529	-0.233491	67.332901	8.637231	0.000000	13.6
530	-0.233491	67.332901	8.637231	0.000000	14.2
531	-0.233491	67.332901	8.637231	0.000000	14.5
532	-0.233491	67.332901	8.637231	0.000000	15.1
533	-0.233491	67.332901	8.637231	0.000000	12.7
534	-0.233491	67.332901	8.637231	0.000000	15.0
535	-0.233491	67.332901	8.637231	0.000000	15.8
536	-0.233491	67.332901	8.637231	0.000000	13.1
537	-0.233491	67.332901	8.637231	0.000000	13.1
538	-0.233491	67.332901	8.637231	0.000000	16.7
539	-0.233491	67.332901	8.637231	0.000000	17.6
540	-0.233491	67.332901	8.637231	0.000000	16.4
541	-0.233491	67.332901	8.637231	0.000000	16.8
542	-0.233491	67.332901	8.637231	0.000000	12.8
543	-0.233491	67.332901	8.637231	0.000000	12.9
544	-0.233491	67.332901	8.637231	0.000000	12.8
545	-0.233491	67.332901	8.637231	0.000000	12.0
546	-0.233491	67.332901	8.637231	0.000000	13.1
547	-0.233491	67.332901	8.637231	0.000000	14.9
548	-0.233491	67.332901	8.637231	0.000000	15.2
549	-0.233491	67.332901	8.637231	0.000000	13.2
550	-0.233491	67.332901	8.637231	0.000000	17.5
551	-0.233491	67.332901	8.637231	0.000000	12.4
552	-0.233491	67.332901	8.637231	0.000000	16.0
553	-0.233491	67.332901	8.637231	0.000000	13.3
554	-0.233491	67.332901	8.637231	0.000000	13.2
555	-0.233491	67.332901	8.637231	0.000000	12.1
556	-0.233491	67.332901	8.637231	0.000000	11.9
557	-0.233491	67.332901	8.637231	0.000000	12.8
558	-0.233491	67.332901	8.637231	0.000000	14.6
559	-0.233491	67.332901	8.637231	0.000000	12.3
560	-0.233491	67.332901	8.637231	0.000000	13.0
561	-0.233491	67.332901	8.637231	0.000000	13.3
562	-0.233491	67.332901	8.637231	0.000000	14.1
563	-0.233491	67.332901	8.637231	0.000000	13.5
564	-0.233491	67.332901	8.637231	0.000000	13.1
565	-0.233491	67.332901	8.637231	0.000000	14.3
566	-0.233491	67.332901	8.637231	0.000000	16.2
567	-0.233491	67.332901	8.637231	0.000000	15.3
568	-0.233491	67.332901	8.637231	0.000000	13.7
569	-0.233491	67.332901	8.637231	0.000000	14.8
570	-0.233491	67.332901	8.637231	0.000000	13.9
571	-0.233491	67.332901	8.637231	0.000000	16.0
572	-0.233491	67.332901	8.637231	0.000000	13.1
573	-0.233491	67.332901	8.637231	0.000000	15.3
574	-0.233491	67.332901	8.637231	0.000000	14.0
575	-0.233491	67.332901	8.637231	0.000000	12.7
576	-0.233491	67.332901	8.637231	0.000000	13.3
577	-0.233491	67.332901	8.637231	0.000000	12.8
578	-0.233491	67.332901	8.637231	0.000000	12.1
579	-0.233491	67.332901	8.637231	0.000000	13.7
580	-0.233491	67.332901	8.637231	0.000000	15.8
581	-0.233491	67.332901	8.637231	0.000000	12.8
582	-0.233491	67.332901	8.637231	0.000000	16.3
583	-0.233491	67.332901	8.637231	0.000000	13.0
584	-0.233491	67.332901	8.637231	0.000000	15.4
585	-0.233491	67.332901	8.637231	0.000000	15.0
586	-0.233491	67.332901	8.637231	0.000000	13.9
587	-0.233491	67.332901	8.637231	0.000000	14.3
588	-0.233491	67.332901	8.637231	0.000000	11.9
589	-0.233491	67.332901	8.637231	0.000000	13.0
590	-0.233491	67.332901	8.637231	0.000000	13.1
591	-0.233491	67.332901	8.637231	0.000000	13.1
592	-0.233491	67.332901	8.637231	0.000000	14.7
593	-0.233491	67.332901	8.637231	0.000000	12.0
594	-0.233491	67.332901	8.637231	0.000000	15.5
595	-0.233491	67.332901	8.637231	0.000000	14.2
596	-0.233491	67.332901	8.637231	0.000000	12.0
597	-0.233491	67.332901	8.637231	0.000000	12.3
598	-0.233491	67.332901	8.637231	0.000000	13.4
599	-0.233491	67.332901	8.637231	0.000000	13.1
600	-0.233491	67.332901	8.637231	0.000000	13.0
601	-0.233491	67.332901	8.637231	0.000000	12.5
602	-0.233491	67.332901	8.637231	0.000000	12.7
603	-0.233491	67.332901	8.637231	0.000000	14.0
604	-0.233491	67.332901	8.637231	0.000000	14.2
605	-0.233491	67.332901	8.637231	0.000000	13.6
606	-0.233491	67.332901	8.637231	0.000000	15.7
607	-0.233491	67.332901	8.637231	0.000000	13.0
608	-0.233491	67.332901	8.637231	0.000000	13.5
609	-0.233491	67.332901	8.637231	0.000000	12.3
610	-0.233491	67.332901	8.637231	0.000000	12.1
611	-0.233491	67.332901	8.637231	0.000000	14.1
612	-0.233491	67.332901	8.637231	0.000000	13.4
613	-0.233491	67.332901	8.637231	0.000000	17.0
614	-0.233491	67.332901	8.637231	0.000000	15.4
615	-0.233491	67.332901	8.637231	0.000000	13.3
616	-0.233491	67.332901	8.637231	0.000000	14.2
617	-0.233491	67.332901	8.637231	0.000000	14.5
618	-0.233491	67.332901	8.637231	0.000000	12.6
619	-0.233491	67.332901	8.637231	0.000000	15.4
620	-0.233491	67.332901	8.637231	0.000000	13.5
621	-0.233491	67.332901	8.637231	0.000000	12.6
622	-0.233491	67.332901	8.637231	0.000000	15.8
623	-0.233491	67.332901	8.637231	0.000000	13.1
624	-0.233491	67.332901	8.637231	0.000000	13.5
625	-0.233491	67.332901	8.637231	0.000000	12.1
626	-0.233491	67.332901	8.637231	0.000000	15.7
627	-0.233491	67.332901	8.637231	0.000000	13.9
628	-0.233491	67.332901	8.637231	0.000000	12.0
629	-0.233491	67.332901	8.637231	0.000000	12.7
630	-0.233491	67.332901	8.637231	0.000000	12.9
631	-0.233491	67.332901	8.637231	0.000000	12.8
632	-0.233491	67.332901	8.637231	0.000000	15.5
633	-0.233491	67.332901	8.637231	0.000000	14.4
634	-0.233491	67.332901	8.637231	0.000000	12.9
635	-0.233491	67.332901	8.637231	0.000000	13.2
636	-0.233491	67.332901	8.637231	0.000000	13.9
637	-0.233491	67.332901	8.637231	0.000000	15.0
638	-0.233491	67.332901	8.637231	0.000000	13.1
639	-0.233491	67.332901	8.637231	0.000000	13.5
640	-0.233491	67.332901	8.637231	0.000000	15.6
641	-0.233491	67.332901	8.637231	0.000000	13.0
642	-0.233491	67.332901	8.637231	0.000000	14.0
643	-0.233491	67.332901	8.637231	0.000000	12.3
644	-0.233491	67.332901	8.637231	0.000000	12.0
645	-0.233491	67.332901	8.637231	0.000000	12.9
646	-0.233491	67.332901	8.637231	0.000000	13.0
647	-0.233491	67.332901	8.637231	0.000000	12.9
648	-0.233491	67.332901	8.637231	0.000000	15.5
649	-0.233491	67.332901	8.637231	0.000000	12.0
650	-0.233491	67.332901	8.637231	0.000000	13.8
651	-0.233491	67.332901	8.637231	0.000000	14.9
652	-0.233491	67.332901	8.637231	0.000000	14.7
653	-0.233491	67.332901	8.637231	0.000000	13.9
654	-0.233491	67.332901	8.637231	0.000000	12.3
655	-0.233491	67.332901	8.637231	0.000000	17.9
656	-0.233491	67.332901	8.637231	0.000000	12.0
657	-0.233491	67.332901	8.637231	0.000000	15.5
658	-0.233491	67.332901	8.637231	0.000000	11.9
659	-0.233491	67.332901	8.637231	0.000000	14.1
660	-0.233491	67.332901	8.637231	0.000000	12.5
661	-0.233491	67.332901	8.637231	0.000000	13.0
662	-0.233491	67.332901	8.637231	0.000000	12.9
663	-0.233491	67.332901	8.637231	0.000000	12.9
664	-0.233491	67.332901	8.637231	0.000000	13.6
665	-0.233491	67.332901	8.637231	0.000000	13.4
666	-0.233491	67.332901	8.637231	0.000000	12.1
667	-0.233491	67.332901	8.637231	0.000000	12.8
668	-0.233491	67.332901	8.637231	0.000000	12.6
669	-0.233491	67.332901	8.637231	0.000000	13.0
670	-0.233491	67.332901	8.637231	0.000000	15.4
671	-0.233491	67.332901	8.637231	0.000000	12.4
672	-0.233491	67.332901	8.637231	0.000000	11.9
673	-0.233491	67.332901	8.637231	0.000000	14.0
674	-0.233491	67.332901	8.637231	0.000000	15.7
675	-0.233491	67.332901	8.637231	0.000000	12.8
676	-0.233491	67.332901	8.637231	0.000000	12.8
677	-0.233491	67.332901	8.637231	0.000000	13.1
678	-0.233491	67.332901	8.637231	0.000000	15.1
679	-0.233491	67.332901	8.637231	0.000000	14.0
680	-0.233491	67.332901	8.637231	0.000000	13.2
681	-0.233491	67.332901	8.637231	0.000000	14.7
682	-0.233491	67.332901	8.637231	0.000000	14.3
683	-0.233491	67.332901	8.637231	0.000000	14.5
684	-0.233491	67.332901	8.637231	0.000000	14.1
685	-0.233491	67.332901	8.637231	0.000000	13.4
686	-0.233491	67.332901	8.637231	0.000000	14.0
687	-0.233491	67.332901	8.637231	0.000000	24.8
688	-0.233491	67.332901	8.637231	0.000000	16.7
689	-0.233491	67.332901	8.637231	0.000000	13.9
690	-0.233491	67.332901	8.637231	0.000000	12.3
691	-0.233491	67.332901	8.637231	0.000000	13.3
692	-0.233491	67.332901	8.637231	0.000000	15.5
693	-0.233491	67.332901	8.637231	0.000000	12.8
694	-0.233491	67.332901	8.637231	0.000000	14.6
695	-0.233491	67.332901	8.637231	0.000000	15.5
696	-0.233491	67.332901	8.637231	0.000000	13.1
697	-0.233491	67.332901	8.637231	0.000000	13.4
698	-0.233491	67.332901	8.637231	0.000000	14.6
699	-0.233491	67.332901	8.637231	0.000000	14.9
700	-0.233491	67.332901	8.637231	0.000000	14.7
701	-0.233491	67.332901	8.637231	0.000000	12.0
702	-0.233491	67.332901	8.637231	0.000000	14.6
703	-0.233491	67.332901	8.637231	0.000000	11.9
704	-0.233491	67.332901	8.637231	0.000000	15.0
705	-0.233491	67.332901	8.637231	0.000000	13.3
706	-0.233491	67.332901	8.637231	0.000000	15.5
707	-0.233491	67.332901	8.637231	0.000000	14.2
708	-0.233491	67.332901	8.637231	0.000000	12.7
709	-0.233491	67.332901	8.637231	0.000000	15.4
710	-0.233491	67.332901	8.637231	0.000000	13.8
711	-0.233491	67.332901	8.637231	0.000000	13.6
712	-0.233491	67.332901	8.637231	0.000000	13.8
713	-0.233491	67.332901	8.637231	0.000000	14.3
714	-0.233491	67.332901	8.637231	0.000000	14.2
715	-0.233491	67.332901	8.637231	0.000000	14.7
716	-0.233491	67.332901	8.637231	0.000000	15.0
717	-0.233491	67.332901	8.637231	0.000000	11.7
718	-0.233491	67.332901	8.637231	0.000000	15.4
719	-0.233491	67.332901	8.637231	0.000000	13.8
720	-0.233491	67.332901	8.637231	0.000000	15.3
721	-0.233491	67.332901	8.637231	0.000000	13.9
722	-0.233491	67.332901	8.637231	0.000000	12.4
723	-0.233491	67.332901	8.637231	0.000000	12.4
724	-0.233491	67.332901	8.637231	0.000000	15.2
725	-0.233491	67.332901	8.637231	0.000000	14.6
726	-0.233491	67.332901	8.637231	0.000000	12.0
727	-0.233491	67.332901	8.637231	0.000000	15.6
728	-0.233491	67.332901	8.637231	0.000000	13.2
729	-0.233491	67.332901	8.637231	0.000000	15.8
730	-0.233491	67.332901	8.637231	0.000000	14.9
731	-0.233491	67.332901	8.637231	0.000000	13.7
732	-0.233491	67.332901	8.637231	0.000000	12.0
733	-0.233491	67.332901	8.637231	0.000000	12.4
734	-0.233491	67.332901	8.637231	0.000000	12.0
735	-0.233491	67.332901	8.637231	0.000000	15.3
736	-0.233491	67.332901	8.637231	0.000000	12.0
737	-0.233491	67.332901	8.637231	0.000000	13.7
738	-0.233491	67.332901	8.637231	0.000000	13.0
739	-0.233491	67.332901	8.637231	0.000000	13.8
740	-0.233491	67.332901	8.637231	0.000000	13.0
741	-0.233491	67.332901	8.637231	0.000000	13.4
742	-0.233491	67.332901	8.637231	0.000000	13.6
743	-0.233491	67.332901	8.637231	0.000000	13.2
744	-0.233491	67.332901	8.637231	0.000000	13.2
745	-0.233491	67.332901	8.637231	0.000000	13.7
746	-0.233491	67.332901	8.637231	0.000000	14.8
747	-0.233491	67.332901	8.637231	0.000000	14.8
748	-0.233491	67.332901	8.637231	0.000000	15.3
749	-0.233491	67.332901	8.637231	0.000000	14.1
750	-0.233491	67.332901	8.637231	0.000000	14.4
751	-0.233491	67.332901	8.637231	0.000000	14.0
752	-0.233491	67.332901	8.637231	0.000000	14.1
753	-0.233491	67.332901	8.637231	0.000000	13.4
754	-0.233491	67.332901	8.637231	0.000000	14.5
755	-0.233491	67.332901	8.637231	0.000000	13.9
756	-0.233491	67.332901	8.637231	0.000000	14.4
757	-0.233491	67.332901	8.637231	0.000000	16.4
758	-0.233491	67.332901	8.637231	0.000000	13.7
759	-0.233491	67.332901	8.637231	0.000000	13.0
760	-0.233491	67.332901	8.637231	0.000000	15.2
761	-0.233491	67.332901	8.637231	0.000000	12.3
762	-0.233491	67.332901	8.637231	0.000000	14.3
763	-0.233491	67.332901	8.637231	0.000000	14.8
764	-0.233491	67.332901	8.637231	0.000000	18.1
765	-0.233491	67.332901	8.637231	0.000000	13.6
766	-0.233491	67.332901	8.637231	0.000000	13.4
767	-0.233491	67.332901	8.637231	0.000000	14.5
768	-0.233491	67.332901	8.637231	0.000000	13.3
769	-0.233491	67.332901	8.637231	0.000000	13.2
770	-0.233491	67.332901	8.637231	0.000000	12.8
771	-0.233491	67.332901	8.637231	0.000000	14.2
772	-0.233491	67.332901	8.637231	0.000000	14.3
773	-0.233491	67.332901	8.637231	0.000000	16.4
774	-0.233491	67.332901	8.637231	0.000000	14.1
775	-0.233491	67.332901	8.637231	0.000000	13.6
776	-0.233491	67.332901	8.637231	0.000000	14.0
777	-0.233491	67.332901	8.637231	0.000000	13.0
778	-0.233491	67.332901	8.637231	0.000000	14.1
779	-0.233491	67.332901	8.637231	0.000000	13.5
780	-0.233491	67.332901	8.637231	0.000000	15.1
781	-0.233491	67.332901	8.637231	0.000000	13.8
782	-0.233491	67.332901	8.637231	0.000000	16.4
783	-0.233491	67.332901	8.637231	0.000000	14.7
784	-0.233491	67.332901	8.637231	0.000000	13.6
785	-0.233491	67.332901	8.637231	0.000000	14.9
786	-0.233491	67.332901	8.637231	0.000000	13.4
787	-0.233491	67.332901	8.637231	0.000000	12.4
788	-0.233491	67.332901	8.637231	0.000000	14.4
789	-0.233491	67.332901	8.637231	0.000000	12.8
790	-0.233491	67.332901	8.637231	0.000000	13.3
791	-0.233491	67.332901	8.637231	0.000000	14.4
792	-0.233491	67.332901	8.637231	0.000000	12.9
793	-0.233491	67.332901	8.637231	0.000000	13.4
794	-0.233491	67.332901	8.637231	0.000000	14.6
795	-0.233491	67.332901	8.637231	0.000000	14.1
796	-0.233491	67.332901	8.637231	0.000000	16.4
797	-0.233491	67.332901	8.637231	0.000000	13.9
798	-0.233491	67.332901	8.637231	0.000000	13.9
799	-0.233491	67.332901	8.637231	0.000000	14.5
800	-0.233491	67.332901	8.637231	0.000000	14.4
801	-0.233491	67.332901	8.637231	0.000000	15.1
802	-0.233491	67.332901	8.637231	0.000000	14.7
803	-0.233491	67.332901	8.637231	0.000000	14.9
804	-0.233491	67.332901	8.637231	0.000000	14.8
805	-0.233491	67.332901	8.637231	0.000000	14.1
806	-0.233491	67.332901	8.637231	0.000000	14.5
807	-0.233491	67.332901	8.637231	0.000000	15.8
808	-0.233491	67.332901	8.637231	0.000000	12.8
809	-0.233491	67.332901	8.637231	0.000000	12.1
810	-0.233491	67.332901	8.637231	0.000000	13.7
811	-0.233491	67.332901	8.637231	0.000000	13.2
812	-0.233491	67.332901	8.637231	0.000000	13.9
813	-0.233491	67.332901	8.637231	0.000000	14.2
814	-0.233491	67.332901	8.637231	0.000000	13.6
815	-0.233491	67.332901	8.637231	0.000000	16.5
816	-0.233491	67.332901	8.637231	0.000000	13.4
817	-0.233491	67.332901	8.637231	0.000000	16.3
818	-0.233491	67.332901	8.637231	0.000000	14.5
819	-0.233491	67.332901	8.637231	0.000000	12.8
820	-0.233491	67.332901	8.637231	0.000000	15.1
821	-0.233491	67.332901	8.637231	0.000000	13.1
822	-0.233491	67.332901	8.637231	0.000000	13.4
823	-0.233491	67.332901	8.637231	0.000000	13.2
824	-0.233491	67.332901	8.637231	0.000000	14.8
825	-0.233491	67.332901	8.637231	0.000000	14.4
826	-0.233491	67.332901	8.637231	0.000000	14.7
827	-0.233491	67.332901	8.637231	0.000000	14.2
828	-0.233491	67.332901	8.637231	0.000000	14.7
829	-0.233491	67.332901	8.637231	0.000000	12.7
830	-0.233491	67.332901	8.637231	0.000000	12.0
831	-0.233491	67.332901	8.637231	0.000000	12.1
832	-0.233491	67.332901	8.637231	0.000000	12.5
833	-0.233491	67.332901	8.637231	0.000000	13.0
834	-0.233491	67.332901	8.637231	0.000000	13.4
835	-0.233491	67.332901	8.637231	0.000000	14.5
836	-0.233491	67.332901	8.637231	0.000000	14.2
837	-0.233491	67.332901	8.637231	0.000000	14.6
838	-0.233491	67.332901	8.637231	0.000000	14.1
839	-0.233491	67.332901	8.637231	0.000000	14.3
840	-0.233491	67.332901	8.637231	0.000000	12.2
841	-0.233491	67.332901	8.637231	0.000000	13.0
842	-0.233491	67.332901	8.637231	0.000000	16.1
843	-0.233491	67.332901	8.637231	0.000000	16.6
844	-0.233491	67.332901	8.637231	0.000000	12.0
845	-0.233491	67.332901	8.637231	0.000000	14.6
846	-0.233491	67.332901	8.637231	0.000000	11.7
847	-0.233491	67.332901	8.637231	0.000000	12.8
848	-0.233491	67.332901	8.637231	0.000000	13.3
849	-0.233491	67.332901	8.637231	0.000000	12.8
850	-0.233491	67.332901	8.637231	0.000000	13.1
851	-0.233491	67.332901	8.637231	0.000000	14.6
852	-0.233491	67.332901	8.637231	0.000000	16.3
853	-0.233491	67.332901	8.637231	0.000000	13.1
854	-0.233491	67.332901	8.637231	0.000000	12.9
855	-0.233491	67.332901	8.637231	0.000000	14.3
856	-0.233491	67.332901	8.637231	0.000000	12.3
857	-0.233491	67.332901	8.637231	0.000000	13.2
858	-0.233491	67.332901	8.637231	0.000000	13.3
859	-0.233491	67.332901	8.637231	0.000000	13.4
860	-0.233491	67.332901	8.637231	0.000000	14.3
861	-0.233491	67.332901	8.637231	0.000000	14.0
862	-0.233491	67.332901	8.637231	0.000000	15.0
863	-0.233491	67.332901	8.637231	0.000000	13.2
864	-0.233491	67.332901	8.637231	0.000000	13.6
865	-0.233491	67.332901	8.637231	0.000000	13.6
866	-0.233491	67.332901	8.637231	0.000000	15.4
867	-0.233491	67.332901	8.637231	0.000000	13.5
868	-0.233491	67.332901	8.637231	0.000000	12.9
869	-0.233491	67.332901	8.637231	0.000000	12.4
870	-0.233491	67.332901	8.637231	0.000000	13.2
871	-0.233491	67.332901	8.637231	0.000000	13.9
872	-0.233491	67.332901	8.637231	0.000000	16.0
873	-0.233491	67.332901	8.637231	0.000000	14.4
874	-0.233491	67.332901	8.637231	0.000000	14.1
875	-0.233491	67.332901	8.637231	0.000000	14.0
876	-0.233491	67.332901	8.637231	0.000000	13.1
877	-0.233491	67.332901	8.637231	0.000000	13.7
878	-0.233491	67.332901	8.637231	0.000000	13.8
879	-0.233491	67.332901	8.637231	0.000000	12.9
880	-0.233491	67.332901	8.637231	0.000000	13.2
881	-0.233491	67.332901	8.637231	0.000000	12.3
882	-0.233491	67.332901	8.637231	0.000000	13.4
883	-0.233491	67.332901	8.637231	0.000000	13.1
884	-0.233491	67.332901	8.637231	0.000000	12.3
885	-0.233491	67.332901	8.637231	0.000000	15.5
886	-0.233491	67.332901	8.637231	0.000000	14.3
887	-0.233491	67.332901	8.637231	0.000000	12.8
888	-0.233491	67.332901	8.637231	0.000000	14.9
889	-0.233491	67.332901	8.637231	0.000000	14.2
890	-0.233491	67.332901	8.637231	0.000000	14.6
891	-0.233491	67.332901	8.637231	0.000000	12.3
892	-0.233491	67.332901	8.637231	0.000000	11.6
893	-0.233491	67.332901	8.637231	0.000000	12.2
894	-0.233491	67.332901	8.637231	0.000000	12.4
895	-0.233491	67.332901	8.637231	0.000000	16.9
896	-0.233491	67.332901	8.637231	0.000000	12.9
897	-0.233491	67.332901	8.637231	0.000000	15.0
898	-0.233491	67.332901	8.637231	0.000000	14.1
899	-0.233491	67.332901	8.637231	0.000000	13.1
900	-0.233491	67.332901	8.637231	0.000000	14.7
901	-0.233491	67.332901	8.637231	0.000000	14.1
902	-0.233491	67.332901	8.637231	0.000000	13.2
903	-0.233491	67.332901	8.637231	0.000000	15.0
904	-0.233491	67.332901	8.637231	0.000000	14.0
905	-0.233491	67.332901	8.637231	0.000000	12.2
906	-0.233491	67.332901	8.637231	0.000000	12.2
907	-0.233491	67.332901	8.637231	0.000000	11.7
908	-0.233491	67.332901	8.637231	0.000000	12.2
909	-0.233491	67.332901	8.637231	0.000000	14.2
910	-0.233491	67.332901	8.637231	0.000000	15.5
911	-0.233491	67.332901	8.637231	0.000000	15.6
912	-0.233491	67.332901	8.637231	0.000000	14.3
913	-0.233491	67.332901	8.637231	0.000000	14.2
914	-0.233491	67.332901	8.637231	0.000000	14.1
915	-0.233491	67.332901	8.637231	0.000000	15.4
916	-0.233491	67.332901	8.637231	0.000000	13.1
917	-0.233491	67.332901	8.637231	0.000000	14.4
918	-0.233491	67.332901	8.637231	0.000000	14.1
919	-0.233491	67.332901	8.637231	0.000000	14.3
920	-0.233491	67.332901	8.637231	0.000000	14.5
921	-0.233491	67.332901	8.637231	0.000000	14.6
922	-0.233491	67.332901	8.637231	0.000000	14.3
923	-0.233491	67.332901	8.637231	0.000000	14.2
924	-0.233491	67.332901	8.637231	0.000000	12.0
925	-0.233491	67.332901	8.637231	0.000000	12.0
926	-0.233491	67.332901	8.637231	0.000000	12.2
927	-0.233491	67.332901	8.637231	0.000000	12.8
928	-0.233491	67.332901	8.637231	0.000000	12.8
929	-0.233491	67.332901	8.637231	0.000000	13.5
930	-0.233491	67.332901	8.637231	0.000000	15.6
931	-0.233491	67.332901	8.637231	0.000000	14.7
932	-0.233491	67.332901	8.637231	0.000000	13.0
933	-0.233491	67.332901	8.637231	0.000000	13.4
934	-0.233491	67.332901	8.637231	0.000000	14.8
935	-0.233491	67.332901	8.637231	0.000000	12.4
936	-0.233491	67.332901	8.637231	0.000000	13.0
937	-0.233491	67.332901	8.637231	0.000000	14.1
938	-0.233491	67.332901	8.637231	0.000000	12.3
939	-0.233491	67.332901	8.637231	0.000000	11.8
940	-0.233491	67.332901	8.637231	0.000000	12.2
941	-0.233491	67.332901	8.637231	0.000000	13.6
942	-0.233491	67.332901	8.637231	0.000000	14.4
943	-0.233491	67.332901	8.637231	0.000000	15.7
944	-0.233491	67.332901	8.637231	0.000000	15.9
945	-0.233491	67.332901	8.637231	0.000000	15.3
946	-0.233491	67.332901	8.637231	0.000000	13.3
947	-0.233491	67.332901	8.637231	0.000000	13.5
948	-0.233491	67.332901	8.637231	0.000000	15.6
949	-0.233491	67.332901	8.637231	0.000000	12.8
950	-0.233491	67.332901	8.637231	0.000000	12.9
951	-0.233491	67.332901	8.637231	0.000000	13.0
952	-0.233491	67.332901	8.637231	0.000000	12.4
953	-0.233491	67.332901	8.637231	0.000000	15.9
954	-0.233491	67.332901	8.637231	0.000000	14.7
955	-0.233491	67.332901	8.637231	0.000000	11.7
956	-0.233491	67.332901	8.637231	0.000000	11.8
957	-0.233491	67.332901	8.637231	0.000000	12.1
958	-0.233491	67.332901	8.637231	0.000000	12.4
959	-0.233491	67.332901	8.637231	0.000000	14.1
960	-0.233491	67.332901	8.637231	0.000000	14.9
961	-0.233491	67.332901	8.637231	0.000000	12.4
962	-0.233491	67.332901	8.637231	0.000000	17.0
963	-0.233491	67.332901	8.637231	0.000000	13.1
964	-0.233491	67.332901	8.637231	0.000000	15.4
965	-0.233491	67.332901	8.637231	0.000000	15.7
966	-0.233491	67.332901	8.637231	0.000000	13.2
967	-0.233491	67.332901	8.637231	0.000000	14.1
968	-0.233491	67.332901	8.637231	0.000000	14.8
969	-0.233491	67.332901	8.637231	0.000000	13.9
970	-0.233491	67.332901	8.637231	0.000000	12.2
971	-0.233491	67.332901	8.637231	0.000000	12.1
972	-0.233491	67.332901	8.637231	0.000000	14.0
973	-0.233491	67.332901	8.637231	0.000000	13.0
974	-0.233491	67.332901	8.637231	0.000000	12.1
975	-0.233491	67.332901	8.637231	0.000000	13.1
976	-0.233491	67.332901	8.637231	0.000000	13.1
977	-0.233491	67.332901	8.637231	0.000000	13.5
978	-0.233491	67.332901	8.637231	0.000000	12.6
979	-0.233491	67.332901	8.637231	0.000000	21.8
980	-0.233491	67.332901	8.637231	0.000000	12.7
981	-0.233491	67.332901	8.637231	0.000000	12.7
982	-0.233491	67.332901	8.637231	0.000000	14.1
983	-0.233491	67.332901	8.637231	0.000000	13.9
984	-0.233491	67.332901	8.637231	0.000000	14.9
985	-0.233491	67.332901	8.637231	0.000000	14.4
986	-0.233491	67.332901	8.637231	0.000000	16.3
987	-0.233491	67.332901	8.637231	0.000000	14.9
988	-0.233491	67.332901	8.637231	0.000000	16.0
989	-0.233491	67.332901	8.637231	0.000000	13.6
990	-0.233491	67.332901	8.637231	0.000000	13.3
991	-0.233491	67.332901	8.637231	0.000000	14.3
992	-0.233491	67.332901	8.637231	0.000000	14.5
993	-0.233491	67.332901	8.637231	0.000000	14.3
994	-0.233491	67.332901	8.637231	0.000000	14.4
995	-0.233491	67.332901	8.637231	0.000000	14.6
996	-0.233491	67.332901	8.637231	0.000000	14.4
997	-0.233491	67.332901	8.637231	0.000000	13.4
998	-0.233491	67.332901	8.637231	0.000000	13.3
999	-0.233491	67.332901	8.637231	0.000000	13.1
1000	-0.233491	67.332901	8.637231	0.000000	13.6
1001	-0.233491	67.332901	8.637231	0.000000	14.1
1002	-0.233491	67.332901	8.637231	0.000000	15.6
1003	-0.233491	67.332901	8.637231	0.000000	15.2
1004	-0.233491	67.332901	8.637231	0.000000	14.0
1005	-0.233491	67.332901	8.637231	0.000000	14.5
1006	-0.233491	67.332901	8.637231	0.000000	16.4
1007	-0.233491	67.332901	8.637231	0.000000	13.2
1008	-0.233491	67.332901	8.637231	0.000000	12.5
1009	-0.233491	67.332901	8.637231	0.000000	14.6
1010	-0.233491	67.332901	8.637231	0.000000	16.1
1011	-0.233491	67.332901	8.637231	0.000000	13.4
1012	-0.233491	67.332901	8.637231	0.000000	12.9
1013	-0.233491	67.332901	8.637231	0.000000	12.5
1014	-0.233491	67.332901	8.637231	0.000000	12.0
1015	-0.233491	67.332901	8.637231	0.000000	12.9
1016	-0.233491	67.332901	8.637231	0.000000	12.9
1017	-0.233491	67.332901	8.637231	0.000000	15.2
1018	-0.233491	67.332901	8.637231	0.000000	14.3
1019	-0.233491	67.332901	8.637231	0.000000	13.7
1020	-0.233491	67.332901	8.637231	0.000000	13.8
1021	-0.233491	67.332901	8.637231	0.000000	15.5
1022	-0.233491	67.332901	8.637231	0.000000	13.6
1023	-0.233491	67.332901	8.637231	0.000000	15.5
1024	-0.233491	67.332901	8.637231	0.000000	12.9
1025	-0.233491	67.332901	8.637231	0.000000	14.1
1026	-0.233491	67.332901	8.637231	0.000000	17.0
1027	-0.233491	67.332901	8.637231	0.000000	14.6
1028	-0.233491	67.332901	8.637231	0.000000	12.8
1029	-0.233491	67.332901	8.637231	0.000000	15.1
1030	-0.233491	67.332901	8.637231	0.000000	13.8
1031	-0.233491	67.332901	8.637231	0.000000	15.6
1032	-0.233491	67.332901	8.637231	0.000000	13.8
1033	-0.233491	67.332901	8.637231	0.000000	14.5
1034	-0.233491	67.332901	8.637231	0.000000	14.4
1035	-0.233491	67.332901	8.637231	0.000000	12.3
1036	-0.233491	67.332901	8.637231	0.000000	12.3
1037	-0.233491	67.332901	8.637231	0.000000	12.5
1038	-0.233491	67.332901	8.637231	0.000000	13.8
1039	-0.233491	67.332901	8.637231	0.000000	14.5
1040	-0.233491	67.332901	8.637231	0.000000	14.1
1041	-0.233491	67.332901	8.637231	0.000000	12.7
1042	-0.233491	67.332901	8.637231	0.000000	12.6
1043	-0.233491	67.332901	8.637231	0.000000	15.3
1044	-0.233491	67.332901	8.637231	0.000000	12.5
1045	-0.233491	67.332901	8.637231	0.000000	13.8
1046	-0.233491	67.332901	8.637231	0.000000	14.9
1047	-0.233491	67.332901	8.637231	0.000000	15.0
1048	-0.233491	67.332901	8.637231	0.000000	16.7
1049	-0.233491	67.332901	8.637231	0.000000	16.9
1050	-0.233491	67.332901	8.637231	0.000000	14.5
1051	-0.233491	67.332901	8.637231	0.000000	19.7
1052	-0.233491	67.332901	8.637231	0.000000	12.2
1053	-0.233491	67.332901	8.637231	0.000000	14.0
1054	-0.233491	67.332901	8.637231	0.000000	12.5
1055	-0.233491	67.332901	8.637231	0.000000	12.7
1056	-0.233491	67.332901	8.637231	0.000000	15.1
1057	-0.233491	67.332901	8.637231	0.000000	14.8
1058	-0.233491	67.332901	8.637231	0.000000	13.7
1059	-0.233491	67.332901	8.637231	0.000000	14.4
1060	-0.233491	67.332901	8.637231	0.000000	12.8
1061	-0.233491	67.332901	8.637231	0.000000	13.5
1062	-0.233491	67.332901	8.637231	0.000000	12.6
1063	-0.233491	67.332901	8.637231	0.000000	11.7
1064	-0.233491	67.332901	8.637231	0.000000	16.0
1065	-0.233491	67.332901	8.637231	0.000000	11.9
1066	-0.233491	67.332901	8.637231	0.000000	13.3
1067	-0.233491	67.332901	8.637231	0.000000	14.0
1068	-0.233491	67.332901	8.637231	0.000000	13.9
1069	-0.233491	67.332901	8.637231	0.000000	13.6
1070	-0.233491	67.332901	8.637231	0.000000	14.1
1071	-0.233491	67.332901	8.637231	0.000000	14.3
1072	-0.233491	67.332901	8.637231	0.000000	14.9
1073	-0.233491	67.332901	8.637231	0.000000	15.3
1074	-0.233491	67.332901	8.637231	0.000000	13.1
1075	-0.233491	67.332901	8.637231	0.000000	13.8
1076	-0.233491	67.332901	8.637231	0.000000	13.0
1077	-0.233491	67.332901	8.637231	0.000000	16.5
1078	-0.233491	67.332901	8.637231	0.000000	12.1
1079	-0.233491	67.332901	8.637231	0.000000	13.0
1080	-0.233491	67.332901	8.637231	0.000000	15.0
1081	-0.233491	67.332901	8.637231	0.000000	14.7
1082	-0.233491	67.332901	8.637231	0.000000	13.8
1083	-0.233491	67.332901	8.637231	0.000000	14.9
1084	-0.233491	67.332901	8.637231	0.000000	13.1
1085	-0.233491	67.332901	8.637231	0.000000	16.8
1086	-0.233491	67.332901	8.637231	0.000000	12.8
1087	-0.233491	67.332901	8.637231	0.000000	12.1
1088	-0.233491	67.332901	8.637231	0.000000	15.5
1089	-0.233491	67.332901	8.637231	0.000000	13.0
1090	-0.233491	67.332901	8.637231	0.000000	13.8
1091	-0.233491	67.332901	8.637231	0.000000	15.4
1092	-0.233491	67.332901	8.637231	0.000000	12.0
1093	-0.233491	67.332901	8.637231	0.000000	13.3
1094	-0.233491	67.332901	8.637231	0.000000	12.6
1095	-0.233491	67.332901	8.637231	0.000000	13.8
1096	-0.233491	67.332901	8.637231	0.000000	15.7
1097	-0.233491	67.332901	8.637231	0.000000	14.9
1098	-0.233491	67.332901	8.637231	0.000000	15.1
1099	-0.233491	67.332901	8.637231	0.000000	15.2
1100	-0.233491	67.332901	8.637231	0.000000	13.2
1101	-0.233491	67.332901	8.637231	0.000000	13.2
1102	-0.233491	67.332901	8.637231	0.000000	14.5
1103	-0.233491	67.332901	8.637231	0.000000	14.2
1104	-0.233491	67.332901	8.637231	0.000000	13.8
1105	-0.233491	67.332901	8.637231	0.000000	14.7
1106	-0.233491	67.332901	8.637231	0.000000	14.2
1107	-0.233491	67.332901	8.637231	0.000000	14.2
1108	-0.233491	67.332901	8.637231	0.000000	13.0
1109	-0.233491	67.332901	8.637231	0.000000	13.3
1110	-0.233491	67.332901	8.637231	0.000000	13.7
1111	-0.233491	67.332901	8.637231	0.000000	13.3
1112	-0.233491	67.332901	8.637231	0.000000	14.8
1113	-0.233491	67.332901	8.637231	0.000000	13.3
1114	-0.233491	67.332901	8.637231	0.000000	16.4
1115	-0.233491	67.332901	8.637231	0.000000	16.1
1116	-0.233491	67.332901	8.637231	0.000000	13.1
1117	-0.233491	67.332901	8.637231	0.000000	15.3
1118	-0.233491	67.332901	8.637231	0.000000	14.0
1119	-0.233491	67.332901	8.637231	0.000000	12.8
1120	-0.233491	67.332901	8.637231	0.000000	12.9
1121	-0.233491	67.332901	8.637231	0.000000	14.1
1122	-0.233491	67.332901	8.637231	0.000000	13.2
1123	-0.233491	67.332901	8.637231	0.000000	13.5
1124	-0.233491	67.332901	8.637231	0.000000	13.0
1125	-0.233491	67.332901	8.637231	0.000000	15.1
1126	-0.233491	67.332901	8.637231	0.000000	12.5
1127	-0.233491	67.332901	8.637231	0.000000	12.0
1128	-0.233491	67.332901	8.637231	0.000000	12.3
1129	-0.233491	67.332901	8.637231	0.000000	13.3
1130	-0.233491	67.332901	8.637231	0.000000	14.6
1131	-0.233491	67.332901	8.637231	0.000000	14.4
1132	-0.233491	67.332901	8.637231	0.000000	13.2
1133	-0.233491	67.332901	8.637231	0.000000	13.1
1134	-0.233491	67.332901	8.637231	0.000000	14.3
1135	-0.233491	67.332901	8.637231	0.000000	13.9
1136	-0.233491	67.332901	8.637231	0.000000	14.3
1137	-0.233491	67.332901	8.637231	0.000000	14.4
1138	-0.233491	67.332901	8.637231	0.000000	14.5
1139	-0.233491	67.332901	8.637231	0.000000	12.9
1140	-0.233491	67.332901	8.637231	0.000000	16.2
1141	-0.233491	67.332901	8.637231	0.000000	11.8
1142	-0.233491	67.332901	8.637231	0.000000	15.5
1143	-0.233491	67.332901	8.637231	0.000000	15.3
1144	-0.233491	67.332901	8.637231	0.000000	12.0
1145	-0.233491	67.332901	8.637231	0.000000	13.6
1146	-0.233491	67.332901	8.637231	0.000000	14.1
1147	-0.233491	67.332901	8.637231	0.000000	13.9
1148	-0.233491	67.332901	8.637231	0.000000	15.6
1149	-0.233491	67.332901	8.637231	0.000000	14.5
1150	-0.233491	67.332901	8.637231	0.000000	13.0
1151	-0.233491	67.332901	8.637231	0.000000	14.7
1152	-0.233491	67.332901	8.637231	0.000000	13.9
1153	-0.233491	67.332901	8.637231	0.000000	14.2
1154	-0.233491	67.332901	8.637231	0.000000	13.2
1155	-0.233491	67.332901	8.637231	0.000000	16.6
1156	-0.233491	67.332901	8.637231	0.000000	12.4
1157	-0.233491	67.332901	8.637231	0.000000	13.3
1158	-0.233491	67.332901	8.637231	0.000000	21.4
1159	-0.233491	67.332901	8.637231	0.000000	13.9
1160	-0.233491	67.332901	8.637231	0.000000	13.5
1161	-0.233491	67.332901	8.637231	0.000000	12.4
1162	-0.233491	67.332901	8.637231	0.000000	11.8
1163	-0.233491	67.332901	8.637231	0.000000	14.1
1164	-0.233491	67.332901	8.637231	0.000000	13.6
1165	-0.233491	67.332901	8.637231	0.000000	14.4
1166	-0.233491	67.332901	8.637231	0.000000	15.1
1167	-0.233491	67.332901	8.637231	0.000000	16.1
1168	-0.233491	67.332901	8.637231	0.000000	17.4
1169	-0.233491	67.332901	8.637231	0.000000	12.9
1170	-0.233491	67.332901	8.637231	0.000000	15.2
1171	-0.233491	67.332901	8.637231	0.000000	13.4
1172	-0.233491	67.332901	8.637231	0.000000	14.2
1173	-0.233491	67.332901	8.637231	0.000000	13.1
1174	-0.233491	67.332901	8.637231	0.000000	14.1
1175	-0.233491	67.332901	8.637231	0.000000	13.4
1176	-0.233491	67.332901	8.637231	0.000000	13.7
1177	-0.233491	67.332901	8.637231	0.000000	13.0
1178	-0.233491	67.332901	8.637231	0.000000	13.4
1179	-0.233491	67.332901	8.637231	0.000000	13.3
1180	-0.233491	67.332901	8.637231	0.000000	12.3
1181	-0.233491	67.332901	8.637231	0.000000	14.5
1182	-0.233491	67.332901	8.637231	0.000000	15.7
1183	-0.233491	67.332901	8.637231	0.000000	13.7
1184	-0.233491	67.332901	8.637231	0.000000	13.1
1185	-0.233491	67.332901	8.637231	0.000000	15.6
1186	-0.233491	67.332901	8.637231	0.000000	13.9
1187	-0.233491	67.332901	8.637231	0.000000	13.3
1188	-0.233491	67.332901	8.637231	0.000000	13.2
1189	-0.233491	67.332901	8.637231	0.000000	12.8
1190	-0.233491	67.332901	8.637231	0.000000	15.1
1191	-0.233491	67.332901	8.637231	0.000000	11.9
1192	-0.233491	67.332901	8.637231	0.000000	15.0
1193	-0.233491	67.332901	8.637231	0.000000	14.2
1194	-0.233491	67.332901	8.637231	0.000000	14.0
1195	-0.233491	67.332901	8.637231	0.000000	12.6
1196	-0.233491	67.332901	8.637231	0.000000	13.7
1197	-0.233491	67.332901	8.637231	0.000000	12.5
1198	-0.233491	67.332901	8.637231	0.000000	12.3
1199	-0.233491	67.332901	8.637231	0.000000	12.8
1200	-0.233491	67.332901	8.637231	0.000000	14.3
1201	-0.233491	67.332901	8.637231	0.000000	14.4
1202	-0.233491	67.332901	8.637231	0.000000	12.5
1203	-0.233491	67.332901	8.637231	0.000000	13.4
1204	-0.233491	67.332901	8.637231	0.000000	16.2
1205	-0.233491	67.332901	8.637231	0.000000	14.2
1206	-0.233491	67.332901	8.637231	0.000000	12.3
1207	-0.233491	67.332901	8.637231	0.000000	12.0
1208	-0.233491	67.332901	8.637231	0.000000	12.0
1209	-0.233491	67.332901	8.637231	0.000000	12.4
1210	-0.233491	67.332901	8.637231	0.000000	16.0
1211	-0.233491	67.332901	8.637231	0.000000	13.5
1212	-0.233491	67.332901	8.637231	0.000000	13.7
1213	-0.233491	67.332901	8.637231	0.000000	14.5
1214	-0.233491	67.332901	8.637231	0.000000	13.4
1215	-0.233491	67.332901	8.637231	0.000000	13.2
1216	-0.233491	67.332901	8.637231	0.000000	12.9
1217	-0.233491	67.332901	8.637231	0.000000	13.0
1218	-0.233491	67.332901	8.637231	0.000000	12.9
1219	-0.233491	67.332901	8.637231	0.000000	13.1
1220	-0.233491	67.332901	8.637231	0.000000	15.4
1221	-0.233491	67.332901	8.637231	0.000000	12.1
1222	-0.233491	67.332901	8.637231	0.000000	12.1
1223	-0.233491	67.332901	8.637231	0.000000	13.8
1224	-0.233491	67.332901	8.637231	0.000000	14.1
1225	-0.233491	67.332901	8.637231	0.000000	13.1
1226	-0.233491	67.332901	8.637231	0.000000	13.6
1227	-0.233491	67.332901	8.637231	0.000000	13.6
1228	-0.233491	67.332901	8.637231	0.000000	13.9
1229	-0.233491	67.332901	8.637231	0.000000	13.7
1230	-0.233491	67.332901	8.637231	0.000000	14.0
1231	-0.233491	67.332901	8.637231	0.000000	15.7
1232	-0.233491	67.332901	8.637231	0.000000	14.2
1233	-0.233491	67.332901	8.637231	0.000000	12.6
1234	-0.233491	67.332901	8.637231	0.000000	13.5
1235	-0.233491	67.332901	8.637231	0.000000	17.7
1236	-0.233491	67.332901	8.637231	0.000000	12.0
1237	-0.233491	67.332901	8.637231	0.000000	13.4
1238	-0.233491	67.332901	8.637231	0.000000	15.9
1239	-0.233491	67.332901	8.637231	0.000000	14.0
1240	-0.233491	67.332901	8.637231	0.000000	13.9
1241	-0.233491	67.332901	8.637231	0.000000	16.4
1242	-0.233491	67.332901	8.637231	0.000000	13.3
1243	-0.233491	67.332901	8.637231	0.000000	14.9
1244	-0.233491	67.332901	8.637231	0.000000	14.7
1245	-0.233491	67.332901	8.637231	0.000000	13.4
1246	-0.233491	67.332901	8.637231	0.000000	13.3
1247	-0.233491	67.332901	8.637231	0.000000	14.2
1248	-0.233491	67.332901	8.637231	0.000000	13.0
1249	-0.233491	67.332901	8.637231	0.000000	13.2
1250	-0.233491	67.332901	8.637231	0.000000	13.3
1251	-0.233491	67.332901	8.637231	0.000000	12.3
1252	-0.233491	67.332901	8.637231	0.000000	12.3
1253	-0.233491	67.332901	8.637231	0.000000	13.4
1254	-0.233491	67.332901	8.637231	0.000000	15.0
1255	-0.233491	67.332901	8.637231	0.000000	13.9
1256	-0.233491	67.332901	8.637231	0.000000	13.9
1257	-0.233491	67.332901	8.637231	0.000000	14.0
1258	-0.233491	67.332901	8.637231	0.000000	15.6
1259	-0.233491	67.332901	8.637231	0.000000	15.1
1260	-0.233491	67.332901	8.637231	0.000000	12.6
1261	-0.233491	67.332901	8.637231	0.000000	12.6
1262	-0.233491	67.332901	8.637231	0.000000	13.1
1263	-0.233491	67.332901	8.637231	0.000000	13.0
1264	-0.233491	67.332901	8.637231	0.000000	14.5
1265	-0.233491	67.332901	8.637231	0.000000	13.1
1266	-0.233491	67.332901	8.637231	0.000000	21.1
1267	-0.233491	67.332901	8.637231	0.000000	14.2
1268	-0.233491	67.332901	8.637231	0.000000	14.6
1269	-0.233491	67.332901	8.637231	0.000000	14.1
1270	-0.233491	67.332901	8.637231	0.000000	13.2
1271	-0.233491	67.332901	8.637231	0.000000	14.2
1272	-0.233491	67.332901	8.637231	0.000000	15.1
1273	-0.233491	67.332901	8.637231	0.000000	14.0
1274	-0.233491	67.332901	8.637231	0.000000	14.4
1275	-0.233491	67.332901	8.637231	0.000000	13.3
1276	-0.233491	67.332901	8.637231	0.000000	15.0
1277	-0.233491	67.332901	8.637231	0.000000	15.6
1278	-0.233491	67.332901	8.637231	0.000000	12.5
1279	-0.233491	67.332901	8.637231	0.000000	15.0
1280	-0.233491	67.332901	8.637231	0.000000	16.2
1281	-0.233491	67.332901	8.637231	0.000000	13.6
1282	-0.233491	67.332901	8.637231	0.000000	13.0
1283	-0.233491	67.332901	8.637231	0.000000	13.6
1284	-0.233491	67.332901	8.637231	0.000000	27.8
1285	-0.233491	67.332901	8.637231	0.000000	12.8
1286	-0.233491	67.332901	8.637231	0.000000	13.0
1287	-0.233491	67.332901	8.637231	0.000000	13.3
1288	-0.233491	67.332901	8.637231	0.000000	13.5
1289	-0.233491	67.332901	8.637231	0.000000	13.3
1290	-0.233491	67.332901	8.637231	0.000000	13.7
1291	-0.233491	67.332901	8.637231	0.000000	14.5
1292	-0.233491	67.332901	8.637231	0.000000	15.9
1293	-0.233491	67.332901	8.637231	0.000000	15.2
1294	-0.233491	67.332901	8.637231	0.000000	14.2
1295	-0.233491	67.332901	8.637231	0.000000	14.5
1296	-0.233491	67.332901	8.637231	0.000000	14.0
1297	-0.233491	67.332901	8.637231	0.000000	14.0
1298	-0.233491	67.332901	8.637231	0.000000	16.0
1299	-0.233491	67.332901	8.637231	0.000000	13.3
1300	-0.233491	67.332901	8.637231	0.000000	13.5
1301	-0.233491	67.332901	8.637231	0.000000	14.4
1302	-0.233491	67.332901	8.637231	0.000000	13.0
1303	-0.233491	67.332901	8.637231	0.000000	16.2
1304	-0.233491	67.332901	8.637231	0.000000	13.5
1305	-0.233491	67.332901	8.637231	0.000000	14.0
1306	-0.233491	67.332901	8.637231	0.000000	14.1
1307	-0.233491	67.332901	8.637231	0.000000	13.1
1308	-0.233491	67.332901	8.637231	0.000000	14.1
1309	-0.233491	67.332901	8.637231	0.000000	13.6
1310	-0.233491	67.332901	8.637231	0.000000	13.1
1311	-0.233491	67.332901	8.637231	0.000000	13.7
1312	-0.233491	67.332901	8.637231	0.000000	13.9
1313	-0.233491	67.332901	8.637231	0.000000	12.3
1314	-0.233491	67.332901	8.637231	0.000000	14.1
1315	-0.233491	67.332901	8.637231	0.000000	14.1
1316	-0.233491	67.332901	8.637231	0.000000	13.1
1317	-0.233491	67.332901	8.637231	0.000000	12.4
1318	-0.233491	67.332901	8.637231	0.000000	12.1
1319	-0.233491	67.332901	8.637231	0.000000	13.6
1320	-0.233491	67.332901	8.637231	0.000000	18.0
1321	-0.233491	67.332901	8.637231	0.000000	11.7
1322	-0.233491	67.332901	8.637231	0.000000	12.6
1323	-0.233491	67.332901	8.637231	0.000000	13.3
1324	-0.233491	67.332901	8.637231	0.000000	12.9
1325	-0.233491	67.332901	8.637231	0.000000	13.0
1326	-0.233491	67.332901	8.637231	0.000000	14.0
1327	-0.233491	67.332901	8.637231	0.000000	12.4
1328	-0.233491	67.332901	8.637231	0.000000	12.9
1329	-0.233491	67.332901	8.637231	0.000000	12.9
1330	-0.233491	67.332901	8.637231	0.000000	15.9
1331	-0.233491	67.332901	8.637231	0.000000	13.3
1332	-0.233491	67.332901	8.637231	0.000000	16.1
1333	-0.233491	67.332901	8.637231	0.000000	13.8
1334	-0.233491	67.332901	8.637231	0.000000	14.8
1335	-0.233491	67.332901	8.637231	0.000000	13.7
1336	-0.233491	67.332901	8.637231	0.000000	12.6
1337	-0.233491	67.332901	8.637231	0.000000	12.1
1338	-0.233491	67.332901	8.637231	0.000000	12.6
1339	-0.233491	67.332901	8.637231	0.000000	13.6
1340	-0.233491	67.332901	8.637231	0.000000	15.9
1341	-0.233491	67.332901	8.637231	0.000000	14.1
1342	-0.233491	67.332901	8.637231	0.000000	14.4
1343	-0.233491	67.332901	8.637231	0.000000	13.6
1344	-0.233491	67.332901	8.637231	0.000000	13.2
1345	-0.233491	67.332901	8.637231	0.000000	13.8
1346	-0.233491	67.332901	8.637231	0.000000	14.1
1347	-0.233491	67.332901	8.637231	0.000000	14.1
1348	-0.233491	67.332901	8.637231	0.000000	14.2
1349	-0.233491	67.332901	8.637231	0.000000	12.7
1350	-0.233491	67.332901	8.637231	0.000000	12.0
1351	-0.233491	67.332901	8.637231	0.000000	13.8
1352	-0.233491	67.332901	8.637231	0.000000	15.4
1353	-0.233491	67.332901	8.637231	0.000000	12.9
1354	-0.233491	67.332901	8.637231	0.000000	16.5
1355	-0.233491	67.332901	8.637231	0.000000	13.0
1356	-0.233491	67.332901	8.637231	0.000000	12.9
1357	-0.233491	67.332901	8.637231	0.000000	12.9
1358	-0.233491	67.332901	8.637231	0.000000	13.8
1359	-0.233491	67.332901	8.637231	0.000000	14.2
1360	-0.233491	67.332901	8.637231	0.000000	13.4
1361	-0.233491	67.332901	8.637231	0.000000	13.0
1362	-0.233491	67.332901	8.637231	0.000000	15.9
1363	-0.233491	67.332901	8.637231	0.000000	13.5
1364	-0.233491	67.332901	8.637231	0.000000	13.5
1365	-0.233491	67.332901	8.637231	0.000000	12.3
1366	-0.233491	67.332901	8.637231	0.000000	12.2
1367	-0.233491	67.332901	8.637231	0.000000	15.3
1368	-0.233491	67.332901	8.637231	0.000000	13.7
1369	-0.233491	67.332901	8.637231	0.000000	13.2
1370	-0.233491	67.332901	8.637231	0.000000	12.5
1371	-0.233491	67.332901	8.637231	0.000000	13.1
1372	-0.233491	67.332901	8.637231	0.000000	13.1
1373	-0.233491	67.332901	8.637231	0.000000	12.5
1374	-0.233491	67.332901	8.637231	0.000000	11.9
1375	-0.233491	67.332901	8.637231	0.000000	12.9
1376	-0.233491	67.332901	8.637231	0.000000	15.8
1377	-0.233491	67.332901	8.637231	0.000000	13.8
1378	-0.233491	67.332901	8.637231	0.000000	14.1
1379	-0.233491	67.332901	8.637231	0.000000	14.2
1380	-0.233491	67.332901	8.637231	0.000000	13.1
1381	-0.233491	67.332901	8.637231	0.000000	12.6
1382	-0.233491	67.332901	8.637231	0.000000	12.3
1383	-0.233491	67.332901	8.637231	0.000000	11.9
1384	-0.233491	67.332901	8.637231	0.000000	12.7
1385	-0.233491	67.332901	8.637231	0.000000	14.2
1386	-0.233491	67.332901	8.637231	0.000000	13.6
1387	-0.233491	67.332901	8.637231	0.000000	24.6
1388	-0.233491	67.332901	8.637231	0.000000	12.4
1389	-0.233491	67.332901	8.637231	0.000000	12.5
1390	-0.233491	67.332901	8.637231	0.000000	13.5
1391	-0.233491	67.332901	8.637231	0.000000	14.2
1392	-0.233491	67.332901	8.637231	0.000000	14.6
1393	-0.233491	67.332901	8.637231	0.000000	16.3
1394	-0.233491	67.332901	8.637231	0.000000	14.7
1395	-0.233491	67.332901	8.637231	0.000000	14.6
1396	-0.233491	67.332901	8.637231	0.000000	15.7
1397	-0.233491	67.332901	8.637231	0.000000	13.6
1398	-0.233491	67.332901	8.637231	0.000000	13.3
1399	-0.233491	67.332901	8.637231	0.000000	13.8
1400	-0.233491	67.332901	8.637231	0.000000	14.4
1401	-0.233491	67.332901	8.637231	0.000000	14.1
1402	-0.233491	67.332901	8.637231	0.000000	14.3
1403	-0.233491	67.332901	8.637231	0.000000	15.6
1404	-0.233491	67.332901	8.637231	0.000000	13.7
1405	-0.233491	67.332901	8.637231	0.000000	13.9
1406	-0.233491	67.332901	8.637231	0.000000	15.1
1407	-0.233491	67.332901	8.637231	0.000000	12.7
1408	-0.233491	67.332901	8.637231	0.000000	12.3
1409	-0.233491	67.332901	8.637231	0.000000	15.7
1410	-0.233491	67.332901	8.637231	0.000000	13.3
1411	-0.233491	67.332901	8.637231	0.000000	15.8
1412	-0.233491	67.332901	8.637231	0.000000	13.1
1413	-0.233491	67.332901	8.637231	0.000000	15.4
1414	-0.233491	67.332901	8.637231	0.000000	12.7
1415	-0.233491	67.332901	8.637231	0.000000	14.4
1416	-0.233491	67.332901	8.637231	0.000000	14.4
1417	-0.233491	67.332901	8.637231	0.000000	13.6
1418	-0.233491	67.332901	8.637231	0.000000	13.2
1419	-0.233491	67.332901	8.637231	0.000000	13.4
1420	-0.233491	67.332901	8.637231	0.000000	13.2
1421	-0.233491	67.332901	8.637231	0.000000	14.0
1422	-0.233491	67.332901	8.637231	0.000000	15.3
1423	-0.233491	67.332901	8.637231	0.000000	13.3
1424	-0.233491	67.332901	8.637231	0.000000	13.9
1425	-0.233491	67.332901	8.637231	0.000000	14.6
1426	-0.233491	67.332901	8.637231	0.000000	15.8
1427	-0.233491	67.332901	8.637231	0.000000	13.3
1428	-0.233491	67.332901	8.637231	0.000000	14.8
1429	-0.233491	67.332901	8.637231	0.000000	16.6
1430	-0.233491	67.332901	8.637231	0.000000	15.3
1431	-0.233491	67.332901	8.637231	0.000000	14.4
1432	-0.233491	67.332901	8.637231	0.000000	14.2
1433	-0.233491	67.332901	8.637231	0.000000	14.2
1434	-0.233491	67.332901	8.637231	0.000000	13.3
1435	-0.233491	67.332901	8.637231	0.000000	14.1
1436	-0.233491	67.332901	8.637231	0.000000	15.4
1437	-0.233491	67.332901	8.637231	0.000000	14.0
1438	-0.233491	67.332901	8.637231	0.000000	12.8
1439	-0.233491	67.332901	8.637231	0.000000	13.1
1440	-0.233491	67.332901	8.637231	0.000000	13.1
1441	-0.233491	67.332901	8.637231	0.000000	12.8
1442	-0.233491	67.332901	8.637231	0.000000	12.7
1443	-0.233491	67.332901	8.637231	0.000000	16.1
1444	-0.233491	67.332901	8.637231	0.000000	12.9
1445	-0.233491	67.332901	8.637231	0.000000	14.1
1446	-0.233491	67.332901	8.637231	0.000000	14.0
1447	-0.233491	67.332901	8.637231	0.000000	14.1
1448	-0.233491	67.332901	8.637231	0.000000	13.6
1449	-0.233491	67.332901	8.637231	0.000000	16.7
1450	-0.233491	67.332901	8.637231	0.000000	12.2
1451	-0.233491	67.332901	8.637231	0.000000	13.7
1452	-0.233491	67.332901	8.637231	0.000000	14.6
1453	-0.233491	67.332901	8.637231	0.000000	13.9
1454	-0.233491	67.332901	8.637231	0.000000	17.1
1455	-0.233491	67.332901	8.637231	0.000000	14.9
1456	-0.233491	67.332901	8.637231	0.000000	12.8
1457	-0.233491	67.332901	8.637231	0.000000	13.0
1458	-0.233491	67.332901	8.637231	0.000000	12.2
1459	-0.233491	67.332901	8.637231	0.000000	12.4
1460	-0.233491	67.332901	8.637231	0.000000	15.3
1461	-0.233491	67.332901	8.637231	0.000000	11.7
1462	-0.233491	67.332901	8.637231	0.000000	13.9
1463	-0.233491	67.332901	8.637231	0.000000	14.4
1464	-0.233491	67.332901	8.637231	0.000000	13.6
1465	-0.233491	67.332901	8.637231	0.000000	15.3
1466	-0.233491	67.332901	8.637231	0.000000	15.0
1467	-0.233491	67.332901	8.637231	0.000000	13.9
1468	-0.233491	67.332901	8.637231	0.000000	15.9
1469	-0.233491	67.332901	8.637231	0.000000	14.1
1470	-0.233491	67.332901	8.637231	0.000000	13.3
1471	-0.233491	67.332901	8.637231	0.000000	13.0
1472	-0.233491	67.332901	8.637231	0.000000	12.9
1473	-0.233491	67.332901	8.637231	0.000000	14.8
1474	-0.233491	67.332901	8.637231	0.000000	12.6
1475	-0.233491	67.332901	8.637231	0.000000	12.3
1476	-0.233491	67.332901	8.637231	0.000000	12.0
1477	-0.233491	67.332901	8.637231	0.000000	13.8
1478	-0.233491	67.332901	8.637231	0.000000	13.4
1479	-0.233491	67.332901	8.637231	0.000000	15.8
1480	-0.233491	67.332901	8.637231	0.000000	14.0
1481	-0.233491	67.332901	8.637231	0.000000	16.4
1482	-0.233491	67.332901	8.637231	0.000000	12.8
1483	-0.233491	67.332901	8.637231	0.000000	14.3
1484	-0.233491	67.332901	8.637231	0.000000	12.7
1485	-0.233491	67.332901	8.637231	0.000000	12.4
1486	-0.233491	67.332901	8.637231	0.000000	14.4
1487	-0.233491	67.332901	8.637231	0.000000	13.8
1488	-0.233491	67.332901	8.637231	0.000000	14.0
1489	-0.233491	67.332901	8.637231	0.000000	14.7
1490	-0.233491	67.332901	8.637231	0.000000	12.3
1491	-0.233491	67.332901	8.637231	0.000000	12.2
1492	-0.233491	67.332901	8.637231	0.000000	13.6
1493	-0.233491	67.332901	8.637231	0.000000	11.9
1494	-0.233491	67.332901	8.637231	0.000000	12.3
1495	-0.233491	67.332901	8.637231	0.000000	13.0
1496	-0.233491	67.332901	8.637231	0.000000	13.0
1497	-0.233491	67.332901	8.637231	0.000000	13.8
1498	-0.233491	67.332901	8.637231	0.000000	13.8
1499	-0.233491	67.332901	8.637231	0.000000	14.2
1500	-0.233491	67.332901	8.637231	0.000000	14.4
1501	-0.233491	67.332901	8.637231	0.000000	14.8
1502	-0.233491	67.332901	8.637231	0.000000	16.0
1503	-0.233491	67.332901	8.637231	0.000000	13.7
1504	-0.233491	67.332901	8.637231	0.000000	12.8
1505	-0.233491	67.332901	8.637231	0.000000	12.6
1506	-0.233491	67.332901	8.637231	0.000000	12.1
1507	-0.233491	67.332901	8.637231	0.000000	12.7
1508	-0.233491	67.332901	8.637231	0.000000	14.7
1509	-0.233491	67.332901	8.637231	0.000000	14.0
1510	-0.233491	67.332901	8.637231	0.000000	13.5
1511	-0.233491	67.332901	8.637231	0.000000	13.6
1512	-0.233491	67.332901	8.637231	0.000000	13.6
1513	-0.233491	67.332901	8.637231	0.000000	14.3
1514	-0.233491	67.332901	8.637231	0.000000	14.1
1515	-0.233491	67.332901	8.637231	0.000000	14.0
1516	-0.233491	67.332901	8.637231	0.000000	14.0
1517	-0.233491	67.332901	8.637231	0.000000	14.3
1518	-0.233491	67.332901	8.637231	0.000000	13.3
1519	-0.233491	67.332901	8.637231	0.000000	13.2
1520	-0.233491	67.332901	8.637231	0.000000	13.0
1521	-0.233491	67.332901	8.637231	0.000000	15.4
1522	-0.233491	67.332901	8.637231	0.000000	13.4
1523	-0.233491	67.332901	8.637231	0.000000	13.9
1524	-0.233491	67.332901	8.637231	0.000000	15.9
1525	-0.233491	67.332901	8.637231	0.000000	13.7
1526	-0.233491	67.332901	8.637231	0.000000	15.3
1527	-0.233491	67.332901	8.637231	0.000000	16.3
1528	-0.233491	67.332901	8.637231	0.000000	13.4
1529	-0.233491	67.332901	8.637231	0.000000	15.4
1530	-0.233491	67.332901	8.637231	0.000000	12.7
1531	-0.233491	67.332901	8.637231	0.000000	16.5
1532	-0.233491	67.332901	8.637231	0.000000	12.5
1533	-0.233491	67.332901	8.637231	0.000000	13.4
1534	-0.233491	67.332901	8.637231	0.000000	15.3
1535	-0.233491	67.332901	8.637231	0.000000	14.4
1536	-0.233491	67.332901	8.637231	0.000000	12.4
1537	-0.233491	67.332901	8.637231	0.000000	14.4
1538	-0.233491	67.332901	8.637231	0.000000	11.7
1539	-0.233491	67.332901	8.637231	0.000000	14.2
1540	-0.233491	67.332901	8.637231	0.000000	13.4
1541	-0.233491	67.332901	8.637231	0.000000	14.0
1542	-0.233491	67.332901	8.637231	0.000000	15.4
1543	-0.233491	67.332901	8.637231	0.000000	13.2
1544	-0.233491	67.332901	8.637231	0.000000	14.4
1545	-0.233491	67.332901	8.637231	0.000000	14.5
1546	-0.233491	67.332901	8.637231	0.000000	13.8
1547	-0.233491	67.332901	8.637231	0.000000	15.8
1548	-0.233491	67.332901	8.637231	0.000000	14.2
1549	-0.233491	67.332901	8.637231	0.000000	12.8
1550	-0.233491	67.332901	8.637231	0.000000	15.1
1551	-0.233491	67.332901	8.637231	0.000000	14.0
1552	-0.233491	67.332901	8.637231	0.000000	12.8
1553	-0.233491	67.332901	8.637231	0.000000	13.6
1554	-0.233491	67.332901	8.637231	0.000000	11.8
1555	-0.233491	67.332901	8.637231	0.000000	11.9
1556	-0.233491	67.332901	8.637231	0.000000	13.5
1557	-0.233491	67.332901	8.637231	0.000000	14.3
1558	-0.233491	67.332901	8.637231	0.000000	14.0
1559	-0.233491	67.332901	8.637231	0.000000	26.3
1560	-0.233491	67.332901	8.637231	0.000000	13.0
1561	-0.233491	67.332901	8.637231	0.000000	12.8
1562	-0.233491	67.332901	8.637231	0.000000	13.2
1563	-0.233491	67.332901	8.637231	0.000000	14.2
1564	-0.233491	67.332901	8.637231	0.000000	14.2
1565	-0.233491	67.332901	8.637231	0.000000	14.3
1566	-0.233491	67.332901	8.637231	0.000000	14.3
1567	-0.233491	67.332901	8.637231	0.000000	14.0
1568	-0.233491	67.332901	8.637231	0.000000	13.0
1569	-0.233491	67.332901	8.637231	0.000000	15.5
1570	-0.233491	67.332901	8.637231	0.000000	15.0
1571	-0.233491	67.332901	8.637231	0.000000	14.1
1572	-0.233491	67.332901	8.637231	0.000000	13.8
1573	-0.233491	67.332901	8.637231	0.000000	16.1
1574	-0.233491	67.332901	8.637231	0.000000	13.0
1575	-0.233491	67.332901	8.637231	0.000000	14.2
1576	-0.233491	67.332901	8.637231	0.000000	14.6
1577	-0.233491	67.332901	8.637231	0.000000	13.7
1578	-0.233491	67.332901	8.637231	0.000000	13.3
1579	-0.233491	67.332901	8.637231	0.000000	14.4
1580	-0.233491	67.332901	8.637231	0.000000	14.3
1581	-0.233491	67.332901	8.637231	0.000000	13.8
1582	-0.233491	67.332901	8.637231	0.000000	13.4
1583	-0.233491	67.332901	8.637231	0.000000	14.3
1584	-0.233491	67.332901	8.637231	0.000000	14.1
1585	-0.233491	67.332901	8.637231	0.000000	13.9
1586	-0.233491	67.332901	8.637231	0.000000	14.6
1587	-0.233491	67.332901	8.637231	0.000000	12.6
1588	-0.233491	67.332901	8.637231	0.000000	14.7
1589	-0.233491	67.332901	8.637231	0.000000	14.0
1590	-0.233491	67.332901	8.637231	0.000000	13.5
1591	-0.233491	67.332901	8.637231	0.000000	14.1
1592	-0.233491	67.332901	8.637231	0.000000	13.2
1593	-0.233491	67.332901	8.637231	0.000000	12.8
1594	-0.233491	67.332901	8.637231	0.000000	16.1
1595	-0.233491	67.332901	8.637231	0.000000	13.4
1596	-0.233491	67.332901	8.637231	0.000000	16.9
1597	-0.233491	67.332901	8.637231	0.000000	14.0
1598	-0.233491	67.332901	8.637231	0.000000	20.7
1599	-0.233491	67.332901	8.637231	0.000000	11.7
1600	-0.233491	67.332901	8.637231	0.000000	13.5
1601	-0.233491	67.332901	8.637231	0.000000	14.3
1602	-0.233491	67.332901	8.637231	0.000000	13.6
1603	-0.233491	67.332901	8.637231	0.000000	14.6
1604	-0.233491	67.332901	8.637231	0.000000	15.9
1605	-0.233491	67.332901	8.637231	0.000000	14.0
1606	-0.233491	67.332901	8.637231	0.000000	13.5
1607	-0.233491	67.332901	8.637231	0.000000	14.0
1608	-0.233491	67.332901	8.637231	0.000000	15.2
1609	-0.233491	67.332901	8.637231	0.000000	13.5
1610	-0.233491	67.332901	8.637231	0.000000	16.8
1611	-0.233491	67.332901	8.637231	0.000000	12.1
1612	-0.233491	67.332901	8.637231	0.000000	12.6
1613	-0.233491	67.332901	8.637231	0.000000	13.0
1614	-0.233491	67.332901	8.637231	0.000000	13.4
1615	-0.233491	67.332901	8.637231	0.000000	15.2
1616	-0.233491	67.332901	8.637231	0.000000	13.6
1617	-0.233491	67.332901	8.637231	0.000000	15.2
1618	-0.233491	67.332901	8.637231	0.000000	13.7
1619	-0.233491	67.332901	8.637231	0.000000	13.5
1620	-0.233491	67.332901	8.637231	0.000000	13.1
1621	-0.233491	67.332901	8.637231	0.000000	13.6
1622	-0.233491	67.332901	8.637231	0.000000	12.3
1623	-0.233491	67.332901	8.637231	0.000000	12.9
1624	-0.233491	67.332901	8.637231	0.000000	13.0
1625	-0.233491	67.332901	8.637231	0.000000	13.1
1626	-0.233491	67.332901	8.637231	0.000000	13.8
1627	-0.233491	67.332901	8.637231	0.000000	15.1
1628	-0.233491	67.332901	8.637231	0.000000	14.9
1629	-0.233491	67.332901	8.637231	0.000000	14.8
1630	-0.233491	67.332901	8.637231	0.000000	14.0
1631	-0.233491	67.332901	8.637231	0.000000	14.2
1632	-0.233491	67.332901	8.637231	0.000000	14.4
1633	-0.233491	67.332901	8.637231	0.000000	13.9
1634	-0.233491	67.332901	8.637231	0.000000	14.4
1635	-0.233491	67.332901	8.637231	0.000000	15.9
1636	-0.233491	67.332901	8.637231	0.000000	13.5
1637	-0.233491	67.332901	8.637231	0.000000	14.8
1638	-0.233491	67.332901	8.637231	0.000000	13.8
1639	-0.233491	67.332901	8.637231	0.000000	16.7
1640	-0.233491	67.332901	8.637231	0.000000	15.7
1641	-0.233491	67.332901	8.637231	0.000000	14.0
1642	-0.233491	67.332901	8.637231	0.000000	15.8
1643	-0.233491	67.332901	8.637231	0.000000	12.8
1644	-0.233491	67.332901	8.637231	0.000000	12.6
1645	-0.233491	67.332901	8.637231	0.000000	16.0
1646	-0.233491	67.332901	8.637231	0.000000	12.0
1647	-0.233491	67.332901	8.637231	0.000000	13.0
1648	-0.233491	67.332901	8.637231	0.000000	25.2
1649	-0.233491	67.332901	8.637231	0.000000	12.0
1650	-0.233491	67.332901	8.637231	0.000000	13.4
1651	-0.233491	67.332901	8.637231	0.000000	13.1
1652	-0.233491	67.332901	8.637231	0.000000	14.1
1653	-0.233491	67.332901	8.637231	0.000000	25.5
1654	-0.233491	67.332901	8.637231	0.000000	15.5
1655	-0.233491	67.332901	8.637231	0.000000	13.4
1656	-0.233491	67.332901	8.637231	0.000000	14.2
1657	-0.233491	67.332901	8.637231	0.000000	14.2
1658	-0.233491	67.332901	8.637231	0.000000	14.7
1659	-0.233491	67.332901	8.637231	0.000000	16.2
1660	-0.233491	67.332901	8.637231	0.000000	14.2
1661	-0.233491	67.332901	8.637231	0.000000	14.0
1662	-0.233491	67.332901	8.637231	0.000000	14.1
1663	-0.233491	67.332901	8.637231	0.000000	13.3
1664	-0.233491	67.332901	8.637231	0.000000	12.1
1665	-0.233491	67.332901	8.637231	0.000000	12.1
1666	-0.233491	67.332901	8.637231	0.000000	13.0
1667	-0.233491	67.332901	8.637231	0.000000	12.8
1668	-0.233491	67.332901	8.637231	0.000000	12.9
1669	-0.233491	67.332901	8.637231	0.000000	12.6
1670	-0.233491	67.332901	8.637231	0.000000	13.2
1671	-0.233491	67.332901	8.637231	0.000000	14.1
1672	-0.233491	67.332901	8.637231	0.000000	13.3
1673	-0.233491	67.332901	8.637231	0.000000	14.2
1674	-0.233491	67.332901	8.637231	0.000000	13.8
1675	-0.233491	67.332901	8.637231	0.000000	14.3
1676	-0.233491	67.332901	8.637231	0.000000	13.1
1677	-0.233491	67.332901	8.637231	0.000000	13.3
1678	-0.233491	67.332901	8.637231	0.000000	14.1
1679	-0.233491	67.332901	8.637231	0.000000	13.8
1680	-0.233491	67.332901	8.637231	0.000000	16.0
1681	-0.233491	67.332901	8.637231	0.000000	16.1
1682	-0.233491	67.332901	8.637231	0.000000	12.7
1683	-0.233491	67.332901	8.637231	0.000000	15.0
1684	-0.233491	67.332901	8.637231	0.000000	12.9
1685	-0.233491	67.332901	8.637231	0.000000	12.9
1686	-0.233491	67.332901	8.637231	0.000000	14.9
1687	-0.233491	67.332901	8.637231	0.000000	14.0
1688	-0.233491	67.332901	8.637231	0.000000	12.3
1689	-0.233491	67.332901	8.637231	0.000000	13.1
1690	-0.233491	67.332901	8.637231	0.000000	13.0
1691	-0.233491	67.332901	8.637231	0.000000	13.1
1692	-0.233491	67.332901	8.637231	0.000000	14.1
1693	-0.233491	67.332901	8.637231	0.000000	13.5
1694	-0.233491	67.332901	8.637231	0.000000	11.9
1695	-0.233491	67.332901	8.637231	0.000000	12.1
1696	-0.233491	67.332901	8.637231	0.000000	15.7
1697	-0.233491	67.332901	8.637231	0.000000	13.7
1698	-0.233491	67.332901	8.637231	0.000000	13.0
1699	-0.233491	67.332901	8.637231	0.000000	13.3
1700	-0.233491	67.332901	8.637231	0.000000	12.9
1701	-0.233491	67.332901	8.637231	0.000000	12.9
1702	-0.233491	67.332901	8.637231	0.000000	13.8
1703	-0.233491	67.332901	8.637231	0.000000	14.8
1704	-0.233491	67.332901	8.637231	0.000000	14.0
1705	-0.233491	67.332901	8.637231	0.000000	14.0
1706	-0.233491	67.332901	8.637231	0.000000	12.8
1707	-0.233491	67.332901	8.637231	0.000000	13.7
1708	-0.233491	67.332901	8.637231	0.000000	14.2
1709	-0.233491	67.332901	8.637231	0.000000	14.3
1710	-0.233491	67.332901	8.637231	0.000000	12.0
1711	-0.233491	67.332901	8.637231	0.000000	12.0
1712	-0.233491	67.332901	8.637231	0.000000	12.2
1713	-0.233491	67.332901	8.637231	0.000000	13.4
1714	-0.233491	67.332901	8.637231	0.000000	15.7
1715	-0.233491	67.332901	8.637231	0.000000	12.9
1716	-0.233491	67.332901	8.637231	0.000000	14.3
1717	-0.233491	67.332901	8.637231	0.000000	14.1
1718	-0.233491	67.332901	8.637231	0.000000	14.4
1719	-0.233491	67.332901	8.637231	0.000000	14.3
1720	-0.233491	67.332901	8.637231	0.000000	13.9
1721	-0.233491	67.332901	8.637231	0.000000	14.5
1722	-0.233491	67.332901	8.637231	0.000000	12.2
1723	-0.233491	67.332901	8.637231	0.000000	12.6
1724	-0.233491	67.332901	8.637231	0.000000	15.2
1725	-0.233491	67.332901	8.637231	0.000000	13.9
1726	-0.233491	67.332901	8.637231	0.000000	14.9
1727	-0.233491	67.332901	8.637231	0.000000	15.6
1728	-0.233491	67.332901	8.637231	0.000000	13.3
1729	-0.233491	67.332901	8.637231	0.000000	13.9
1730	-0.233491	67.332901	8.637231	0.000000	15.5
1731	-0.233491	67.332901	8.637231	0.000000	12.4
1732	-0.233491	67.332901	8.637231	0.000000	16.2
1733	-0.233491	67.332901	8.637231	0.000000	13.0
1734	-0.233491	67.332901	8.637231	0.000000	13.0
1735	-0.233491	67.332901	8.637231	0.000000	13.8
1736	-0.233491	67.332901	8.637231	0.000000	13.7
1737	-0.233491	67.332901	8.637231	0.000000	13.4
1738	-0.233491	67.332901	8.637231	0.000000	13.2
1739	-0.233491	67.332901	8.637231	0.000000	16.7
1740	-0.233491	67.332901	8.637231	0.000000	13.5
1741	-0.233491	67.332901	8.637231	0.000000	15.3
1742	-0.233491	67.332901	8.637231	0.000000	11.8
1743	-0.233491	67.332901	8.637231	0.000000	11.9
1744	-0.233491	67.332901	8.637231	0.000000	12.7
1745	-0.233491	67.332901	8.637231	0.000000	13.4
1746	-0.233491	67.332901	8.637231	0.000000	13.1
1747	-0.233491	67.332901	8.637231	0.000000	14.4
1748	-0.233491	67.332901	8.637231	0.000000	15.2
1749	-0.233491	67.332901	8.637231	0.000000	13.1
1750	-0.233491	67.332901	8.637231	0.000000	14.1
1751	-0.233491	67.332901	8.637231	0.000000	13.0
1752	-0.233491	67.332901	8.637231	0.000000	14.9
1753	-0.233491	67.332901	8.637231	0.000000	12.2
1754	-0.233491	67.332901	8.637231	0.000000	12.7
1755	-0.233491	67.332901	8.637231	0.000000	12.3
1756	-0.233491	67.332901	8.637231	0.000000	11.7
1757	-0.233491	67.332901	8.637231	0.000000	13.0
1758	-0.233491	67.332901	8.637231	0.000000	14.9
1759	-0.233491	67.332901	8.637231	0.000000	14.1
1760	-0.233491	67.332901	8.637231	0.000000	14.5
1761	-0.233491	67.332901	8.637231	0.000000	13.5
1762	-0.233491	67.332901	8.637231	0.000000	13.6
1763	-0.233491	67.332901	8.637231	0.000000	14.3
1764	-0.233491	67.332901	8.637231	0.000000	14.1
1765	-0.233491	67.332901	8.637231	0.000000	14.8
1766	-0.233491	67.332901	8.637231	0.000000	14.3
1767	-0.233491	67.332901	8.637231	0.000000	14.8
1768	-0.233491	67.332901	8.637231	0.000000	13.8
1769	-0.233491	67.332901	8.637231	0.000000	15.4
1770	-0.233491	67.332901	8.637231	0.000000	13.7
1771	-0.233491	67.332901	8.637231	0.000000	13.1
1772	-0.233491	67.332901	8.637231	0.000000	11.6
1773	-0.233491	67.332901	8.637231	0.000000	14.1
1774	-0.233491	67.332901	8.637231	0.000000	13.6
1775	-0.233491	67.332901	8.637231	0.000000	14.1
1776	-0.233491	67.332901	8.637231	0.000000	13.4
1777	-0.233491	67.332901	8.637231	0.000000	16.5
1778	-0.233491	67.332901	8.637231	0.000000	12.9
1779	-0.233491	67.332901	8.637231	0.000000	15.2
1780	-0.233491	67.332901	8.637231	0.000000	14.5
1781	-0.233491	67.332901	8.637231	0.000000	14.7
1782	-0.233491	67.332901	8.637231	0.000000	13.8
1783	-0.233491	67.332901	8.637231	0.000000	12.6
1784	-0.233491	67.332901	8.637231	0.000000	13.1
1785	-0.233491	67.332901	8.637231	0.000000	12.6
1786	-0.233491	67.332901	8.637231	0.000000	12.4
1787	-0.233491	67.332901	8.637231	0.000000	11.8
1788	-0.233491	67.332901	8.637231	0.000000	13.9
1789	-0.233491	67.332901	8.637231	0.000000	13.4
1790	-0.233491	67.332901	8.637231	0.000000	14.7
1791	-0.233491	67.332901	8.637231	0.000000	15.0
1792	-0.233491	67.332901	8.637231	0.000000	12.6
1793	-0.233491	67.332901	8.637231	0.000000	13.0
1794	-0.233491	67.332901	8.637231	0.000000	14.1
1795	-0.233491	67.332901	8.637231	0.000000	14.1
1796	-0.233491	67.332901	8.637231	0.000000	13.8
1797	-0.233491	67.332901	8.637231	0.000000	16.2
1798	-0.233491	67.332901	8.637231	0.000000	14.4
1799	-0.233491	67.332901	8.637231	0.000000	13.5
1800	-0.233491	67.332901	8.637231	0.000000	17.0
1801	-0.233491	67.332901	8.637231	0.000000	13.1
1802	-0.233491	67.332901	8.637231	0.000000	11.8
1803	-0.233491	67.332901	8.637231	0.000000	13.3
1804	-0.233491	67.332901	8.637231	0.000000	14.1
1805	-0.233491	67.332901	8.637231	0.000000	14.4
1806	-0.233491	67.332901	8.637231	0.000000	13.7
1807	-0.233491	67.332901	8.637231	0.000000	13.2
1808	-0.233491	67.332901	8.637231	0.000000	14.8
1809	-0.233491	67.332901	8.637231	0.000000	17.5
1810	-0.233491	67.332901	8.637231	0.000000	12.8
1811	-0.233491	67.332901	8.637231	0.000000	15.5
1812	-0.233491	67.332901	8.637231	0.000000	15.2
1813	-0.233491	67.332901	8.637231	0.000000	14.4
1814	-0.233491	67.332901	8.637231	0.000000	12.6
1815	-0.233491	67.332901	8.637231	0.000000	14.7
1816	-0.233491	67.332901	8.637231	0.000000	13.4
1817	-0.233491	67.332901	8.637231	0.000000	14.5
1818	-0.233491	67.332901	8.637231	0.000000	16.2
1819	-0.233491	67.332901	8.637231	0.000000	13.6
1820	-0.233491	67.332901	8.637231	0.000000	15.4
1821	-0.233491	67.332901	8.637231	0.000000	14.1
1822	-0.233491	67.332901	8.637231	0.000000	13.2
1823	-0.233491	67.332901	8.637231	0.000000	12.8
1824	-0.233491	67.332901	8.637231	0.000000	12.6
1825	-0.233491	67.332901	8.637231	0.000000	21.5
1826	-0.233491	67.332901	8.637231	0.000000	13.3
1827	-0.233491	67.332901	8.637231	0.000000	15.2
1828	-0.233491	67.332901	8.637231	0.000000	12.9
1829	-0.233491	67.332901	8.637231	0.000000	12.8
1830	-0.233491	67.332901	8.637231	0.000000	14.6
1831	-0.233491	67.332901	8.637231	0.000000	18.9
1832	-0.233491	67.332901	8.637231	0.000000	13.1
1833	-0.233491	67.332901	8.637231	0.000000	16.1
1834	-0.233491	67.332901	8.637231	0.000000	14.4
1835	-0.233491	67.332901	8.637231	0.000000	12.6
1836	-0.233491	67.332901	8.637231	0.000000	14.0
1837	-0.233491	67.332901	8.637231	0.000000	13.7
1838	-0.233491	67.332901	8.637231	0.000000	13.9
1839	-0.233491	67.332901	8.637231	0.000000	13.5
1840	-0.233491	67.332901	8.637231	0.000000	13.6
1841	-0.233491	67.332901	8.637231	0.000000	14.2
1842	-0.233491	67.332901	8.637231	0.000000	14.1
1843	-0.233491	67.332901	8.637231	0.000000	13.2
1844	-0.233491	67.332901	8.637231	0.000000	12.8
1845	-0.233491	67.332901	8.637231	0.000000	12.3
1846	-0.233491	67.332901	8.637231	0.000000	14.2
1847	-0.233491	67.332901	8.637231	0.000000	13.9
1848	-0.233491	67.332901	8.637231	0.000000	15.9
1849	-0.233491	67.332901	8.637231	0.000000	13.7
1850	-0.233491	67.332901	8.637231	0.000000	14.9
1851	-0.233491	67.332901	8.637231	0.000000	15.8
1852	-0.233491	67.332901	8.637231	0.000000	13.4
1853	-0.233491	67.332901	8.637231	0.000000	13.9
1854	-0.233491	67.332901	8.637231	0.000000	14.3
1855	-0.233491	67.332901	8.637231	0.000000	16.3
1856	-0.233491	67.332901	8.637231	0.000000	15.9
1857	-0.233491	67.332901	8.637231	0.000000	14.0
1858	-0.233491	67.332901	8.637231	0.000000	14.6
1859	-0.233491	67.332901	8.637231	0.000000	13.9
1860	-0.233491	67.332901	8.637231	0.000000	15.7
1861	-0.233491	67.332901	8.637231	0.000000	14.0
1862	-0.233491	67.332901	8.637231	0.000000	15.1
1863	-0.233491	67.332901	8.637231	0.000000	14.2
1864	-0.233491	67.332901	8.637231	0.000000	15.5
1865	-0.233491	67.332901	8.637231	0.000000	13.9
1866	-0.233491	67.332901	8.637231	0.000000	13.6
1867	-0.233491	67.332901	8.637231	0.000000	13.6
1868	-0.233491	67.332901	8.637231	0.000000	12.6
1869	-0.233491	67.332901	8.637231	0.000000	12.4
1870	-0.233491	67.332901	8.637231	0.000000	13.1
1871	-0.233491	67.332901	8.637231	0.000000	13.1
1872	-0.233491	67.332901	8.637231	0.000000	13.5
1873	-0.233491	67.332901	8.637231	0.000000	13.0
1874	-0.233491	67.332901	8.637231	0.000000	12.4
1875	-0.233491	67.332901	8.637231	0.000000	14.7
1876	-0.233491	67.332901	8.637231	0.000000	13.2
1877	-0.233491	67.332901	8.637231	0.000000	14.4
1878	-0.233491	67.332901	8.637231	0.000000	14.8
1879	-0.233491	67.332901	8.637231	0.000000	11.6
1880	-0.233491	67.332901	8.637231	0.000000	14.9
1881	-0.233491	67.332901	8.637231	0.000000	11.9
1882	-0.233491	67.332901	8.637231	0.000000	13.8
1883	-0.233491	67.332901	8.637231	0.000000	13.3
1884	-0.233491	67.332901	8.637231	0.000000	13.7
1885	-0.233491	67.332901	8.637231	0.000000	15.2
1886	-0.233491	67.332901	8.637231	0.000000	15.3
1887	-0.233491	67.332901	8.637231	0.000000	16.4
1888	-0.233491	67.332901	8.637231	0.000000	13.3
1889	-0.233491	67.332901	8.637231	0.000000	11.9
1890	-0.233491	67.332901	8.637231	0.000000	14.3
1891	-0.233491	67.332901	8.637231	0.000000	14.1
1892	-0.233491	67.332901	8.637231	0.000000	13.4
1893	-0.233491	67.332901	8.637231	0.000000	16.1
1894	-0.233491	67.332901	8.637231	0.000000	12.0
1895	-0.233491	67.332901	8.637231	0.000000	13.3
1896	-0.233491	67.332901	8.637231	0.000000	12.8
1897	-0.233491	67.332901	8.637231	0.000000	14.5
1898	-0.233491	67.332901	8.637231	0.000000	15.5
1899	-0.233491	67.332901	8.637231	0.000000	16.3
1900	-0.233491	67.332901	8.637231	0.000000	14.5
1901	-0.233491	67.332901	8.637231	0.000000	12.6
1902	-0.233491	67.332901	8.637231	0.000000	13.6
1903	-0.233491	67.332901	8.637231	0.000000	13.1
1904	-0.233491	67.332901	8.637231	0.000000	14.9
1905	-0.233491	67.332901	8.637231	0.000000	16.3
1906	-0.233491	67.332901	8.637231	0.000000	14.9
1907	-0.233491	67.332901	8.637231	0.000000	14.0
1908	-0.233491	67.332901	8.637231	0.000000	13.6
1909	-0.233491	67.332901	8.637231	0.000000	17.0
1910	-0.233491	67.332901	8.637231	0.000000	16.3
1911	-0.233491	67.332901	8.637231	0.000000	16.3
1912	-0.233491	67.332901	8.637231	0.000000	15.3
1913	-0.233491	67.332901	8.637231	0.000000	25.6
1914	-0.233491	67.332901	8.637231	0.000000	16.2
1915	-0.233491	67.332901	8.637231	0.000000	12.9
1916	-0.233491	67.332901	8.637231	0.000000	14.7
1917	-0.233491	67.332901	8.637231	0.000000	15.7
1918	-0.233491	67.332901	8.637231	0.000000	13.8
1919	-0.233491	67.332901	8.637231	0.000000	13.0
1920	-0.233491	67.332901	8.637231	0.000000	12.2
1921	-0.233491	67.332901	8.637231	0.000000	22.8
1922	-0.233491	67.332901	8.637231	0.000000	24.5
1923	-0.233491	67.332901	8.637231	0.000000	12.7
1924	-0.233491	67.332901	8.637231	0.000000	15.5
1925	-0.233491	67.332901	8.637231	0.000000	17.5
1926	-0.233491	67.332901	8.637231	0.000000	12.1
1927	-0.233491	67.332901	8.637231	0.000000	14.7
1928	-0.233491	67.332901	8.637231	0.000000	13.0
1929	-0.233491	67.332901	8.637231	0.000000	14.0
1930	-0.233491	67.332901	8.637231	0.000000	16.3
1931	-0.233491	67.332901	8.637231	0.000000	16.0
1932	-0.233491	67.332901	8.637231	0.000000	12.6
1933	-0.233491	67.332901	8.637231	0.000000	13.1
1934	-0.233491	67.332901	8.637231	0.000000	15.1
1935	-0.233491	67.332901	8.637231	0.000000	14.3
1936	-0.233491	67.332901	8.637231	0.000000	28.9
1937	-0.233491	67.332901	8.637231	0.000000	13.0
1938	-0.233491	67.332901	8.637231	0.000000	12.8
1939	-0.233491	67.332901	8.637231	0.000000	11.9
1940	-0.233491	67.332901	8.637231	0.000000	13.1
1941	-0.233491	67.332901	8.637231	0.000000	13.5
1942	-0.233491	67.332901	8.637231	0.000000	26.0
1943	-0.233491	67.332901	8.637231	0.000000	13.6
1944	-0.233491	67.332901	8.637231	0.000000	12.6
1945	-0.233491	67.332901	8.637231	0.000000	13.5
1946	-0.233491	67.332901	8.637231	0.000000	13.0
1947	-0.233491	67.332901	8.637231	0.000000	13.6
1948	-0.233491	67.332901	8.637231	0.000000	13.1
1949	-0.233491	67.332901	8.637231	0.000000	14.8
1950	-0.233491	67.332901	8.637231	0.000000	14.0
1951	-0.233491	67.332901	8.637231	0.000000	14.9
1952	-0.233491	67.332901	8.637231	0.000000	15.5
1953	-0.233491	67.332901	8.637231	0.000000	14.3
1954	-0.233491	67.332901	8.637231	0.000000	14.1
1955	-0.233491	67.332901	8.637231	0.000000	15.2
1956	-0.233491	67.332901	8.637231	0.000000	14.5
1957	-0.233491	67.332901	8.637231	0.000000	13.9
1958	-0.233491	67.332901	8.637231	0.000000	14.5
1959	-0.233491	67.332901	8.637231	0.000000	14.2
1960	-0.233491	67.332901	8.637231	0.000000	13.9
1961	-0.233491	67.332901	8.637231	0.000000	14.4
1962	-0.233491	67.332901	8.637231	0.000000	14.3
1963	-0.233491	67.332901	8.637231	0.000000	14.0
1964	-0.233491	67.332901	8.637231	0.000000	14.0
1965	-0.233491	67.332901	8.637231	0.000000	12.9
1966	-0.233491	67.332901	8.637231	0.000000	13.3
1967	-0.233491	67.332901	8.637231	0.000000	13.8
1968	-0.233491	67.332901	8.637231	0.000000	15.3
1969	-0.233491	67.332901	8.637231	0.000000	15.0
1970	-0.233491	67.332901	8.637231	0.000000	16.7
1971	-0.233491	67.332901	8.637231	0.000000	14.7
1972	-0.233491	67.332901	8.637231	0.000000	14.7
1973	-0.233491	67.332901	8.637231	0.000000	14.4
1974	-0.233491	67.332901	8.637231	0.000000	14.8
1975	-0.233491	67.332901	8.637231	0.000000	14.4
1976	-0.233491	67.332901	8.637231	0.000000	13.2
1977	-0.233491	67.332901	8.637231	0.000000	14.2
1978	-0.233491	67.332901	8.637231	0.000000	14.3
1979	-0.233491	67.332901	8.637231	0.000000	14.4
1980	-0.233491	67.332901	8.637231	0.000000	17.3
1981	-0.233491	67.332901	8.637231	0.000000	15.7
1982	-0.233491	67.332901	8.637231	0.000000	14.3
1983	-0.233491	67.332901	8.637231	0.000000	13.8
1984	-0.233491	67.332901	8.637231	0.000000	23.7
1985	-0.233491	67.332901	8.637231	0.000000	14.6
1986	-0.233491	67.332901	8.637231	0.000000	15.1
1987	-0.233491	67.332901	8.637231	0.000000	16.8
1988	-0.233491	67.332901	8.637231	0.000000	14.5
1989	-0.233491	67.332901	8.637231	0.000000	11.7
1990	-0.233491	67.332901	8.637231	0.000000	12.6
1991	-0.233491	67.332901	8.637231	0.000000	13.4
1992	-0.233491	67.332901	8.637231	0.000000	12.8
1993	-0.233491	67.332901	8.637231	0.000000	13.5
1994	-0.233491	67.332901	8.637231	0.000000	13.5
1995	-0.233491	67.332901	8.637231	0.000000	14.5
1996	-0.233491	67.332901	8.637231	0.000000	14.7
1997	-0.233491	67.332901	8.637231	0.000000	14.0
1998	-0.233491	67.332901	8.637231	0.000000	14.6
1999	-0.233491	67.332901	8.637231	0.000000	16.2
