1:ItNr	2:Metric	3a:Time	3b:StepSize	4:||Gradient||	Time[ms]
0	-0.546353	0.000000	0.588889	0.024823	560.6
1	-0.548049	0.000000	0.588889	0.072580	1.6
2	-0.569095	0.000000	0.588889	0.024265	1.5
3	-0.529623	0.602999	0.572452	0.021464	2.0
4	-0.573646	0.179237	0.583905	0.041151	1.9
5	-0.517588	0.000000	0.588889	0.042138	1.6
6	-0.497249	0.776613	0.567888	0.038103	1.6
7	-0.481767	0.222330	0.582720	0.056296	1.6
8	-0.487697	0.000000	0.588889	0.091242	1.8
9	-0.548877	0.955341	0.563265	0.085967	2.6
10	-0.520201	1.955341	0.538727	0.039936	3.1
11	-0.521859	1.400320	0.552076	0.039306	2.6
12	-0.509620	1.081444	0.560048	0.029455	1.8
13	-0.528060	0.540877	0.574102	0.072337	1.6
14	-0.521102	0.000000	0.588889	0.087255	1.6
15	-0.522348	0.000000	0.588889	0.036191	1.8
16	-0.550598	0.000000	0.588889	0.057888	1.5
17	-0.493607	0.000000	0.588889	0.038683	1.5
18	-0.555553	0.000000	0.588889	0.138946	1.6
19	-0.549506	0.000000	0.588889	0.066441	1.5
20	-0.566488	0.000000	0.588889	0.068415	2.4
21	-0.502879	0.999978	0.562122	0.082133	1.5
22	-0.566975	1.999974	0.537682	0.049213	1.7
23	-0.583091	1.444950	0.550978	0.095477	1.6
24	-0.524752	2.444947	0.527477	0.029994	1.5
25	-0.508540	2.644913	0.523016	0.048191	1.5
26	-0.472912	2.110129	0.535119	0.042117	1.5
27	-0.518967	1.555230	0.548284	0.053843	1.5
28	-0.544177	2.216968	0.532657	0.064558	1.6
29	-0.525684	3.216905	0.510663	0.033199	1.9
30	-0.503556	4.202214	0.490698	0.033628	1.5
31	-0.517730	4.365465	0.487540	0.032071	1.7
32	-0.590882	3.823861	0.498177	0.043495	1.5
33	-0.578835	3.343816	0.508000	0.041485	1.7
34	-0.544962	2.789167	0.519845	0.033377	1.5
35	-0.529416	2.235633	0.532229	0.113323	1.6
36	-0.500716	1.680612	0.545253	0.084511	1.9
37	-0.564712	1.125589	0.558931	0.065252	1.5
38	-0.544856	1.291334	0.554775	0.033886	1.7
39	-0.603038	0.737605	0.568907	0.120188	1.7
40	-0.572137	0.182582	0.583813	0.045383	2.4
41	-0.525699	0.000000	0.588889	0.023502	2.7
42	-0.572356	0.000000	0.588889	0.033029	2.1
43	-0.580141	0.000000	0.588889	0.094159	1.6
44	-0.577386	0.000000	0.588889	0.051690	2.1
45	-0.552337	0.000000	0.588889	0.124799	2.3
46	-0.526232	0.000000	0.588889	0.044966	1.7
47	-0.565233	0.000000	0.588889	0.064386	1.5
48	-0.530757	0.000000	0.588889	0.072521	1.5
49	-0.550659	1.000000	0.562121	0.025914	1.5
50	-0.582843	0.482945	0.575651	0.076880	1.8
51	-0.563710	0.000000	0.588889	0.053461	1.5
52	-0.593674	0.000000	0.588889	0.044596	1.6
53	-0.590146	0.000000	0.588889	0.018293	1.5
54	-0.569793	0.000000	0.588889	0.055389	1.7
55	-0.580824	0.000000	0.588889	0.012736	2.0
56	-0.521067	0.000000	0.588889	0.077755	1.7
57	-0.551024	0.000000	0.588889	0.038875	1.5
58	-0.569367	0.000000	0.588889	0.021322	1.5
59	-0.547135	0.000000	0.588889	0.042283	1.5
60	-0.568716	0.000000	0.588889	0.058741	1.5
61	-0.562988	0.000000	0.588889	0.062007	1.7
62	-0.541526	0.000000	0.588889	0.057080	1.9
63	-0.571047	0.928950	0.563943	0.066801	2.1
64	-0.575899	0.373926	0.578587	0.061142	1.7
65	-0.512153	0.000000	0.588889	0.107503	1.8
66	-0.590429	1.000000	0.562121	0.079496	1.5
67	-0.611735	0.444976	0.576670	0.042421	1.8
68	-0.560631	0.000000	0.588889	0.029785	1.5
69	-0.537018	0.000000	0.588889	0.078573	1.7
70	-0.561762	0.000000	0.588889	0.053434	1.6
71	-0.604571	0.000000	0.588889	0.039705	1.7
72	-0.628921	0.000000	0.588889	0.055057	1.6
73	-0.546103	0.000000	0.588889	0.039683	1.7
74	-0.552695	0.000000	0.588889	0.040557	1.5
75	-0.537737	0.000000	0.588889	0.038815	1.5
76	-0.556490	0.000000	0.588889	0.063529	1.5
77	-0.573237	0.000000	0.588889	0.067032	1.7
78	-0.541479	0.000000	0.588889	0.092316	1.5
79	-0.610255	0.999982	0.562122	0.061618	1.9
80	-0.547412	1.931556	0.539286	0.063343	1.8
81	-0.601860	1.376556	0.552662	0.035757	2.1
82	-0.607017	0.821982	0.566707	0.033665	1.7
83	-0.601815	0.316604	0.580143	0.034785	1.5
84	-0.627767	0.000000	0.588889	0.082693	1.5
85	-0.526670	0.000000	0.588889	0.070508	1.5
86	-0.586587	0.569863	0.573331	0.031087	1.5
87	-0.576538	0.054351	0.587369	0.049126	1.5
88	-0.594654	0.221766	0.582735	0.055587	1.6
89	-0.586100	0.298239	0.580643	0.088648	1.7
90	-0.589001	0.000000	0.588889	0.086100	1.6
91	-0.585180	0.000000	0.588889	0.029661	1.5
92	-0.629214	0.000000	0.588889	0.111371	1.6
93	-0.539155	0.000000	0.588889	0.051829	1.5
94	-0.563964	0.999901	0.562124	0.037030	1.5
95	-0.571766	0.445428	0.576658	0.044757	1.5
96	-0.614758	0.000000	0.588889	0.041062	1.5
97	-0.594580	0.000000	0.588889	0.049684	2.0
98	-0.650664	0.000000	0.588889	0.063669	2.3
99	-0.584938	0.000000	0.588889	0.058691	2.4
100	-0.591709	0.000000	0.588889	0.042582	1.7
101	-0.623309	0.000000	0.588889	0.034069	1.9
102	-0.608320	0.000000	0.588889	0.086075	1.5
103	-0.616601	0.000000	0.588889	0.039009	1.5
104	-0.585923	0.000000	0.588889	0.045824	1.5
105	-0.626826	0.000000	0.588889	0.043796	1.9
106	-0.565666	0.000000	0.588889	0.027310	1.6
107	-0.655740	0.000000	0.588889	0.056397	2.2
108	-0.600147	0.000000	0.588889	0.033274	1.5
109	-0.648227	0.954856	0.563277	0.060559	1.5
110	-0.607642	0.401950	0.577829	0.075852	1.7
111	-0.592977	0.000000	0.588889	0.053512	1.6
112	-0.576758	0.000000	0.588889	0.057540	1.7
113	-0.582790	0.000000	0.588889	0.077571	1.8
114	-0.596243	0.000000	0.588889	0.029413	1.6
115	-0.668689	0.000000	0.588889	0.031671	1.7
116	-0.556553	0.000000	0.588889	0.048838	2.1
117	-0.612892	0.000000	0.588889	0.041586	1.5
118	-0.609020	0.000000	0.588889	0.054363	1.5
119	-0.567362	0.000000	0.588889	0.162964	1.7
120	-0.599548	0.000000	0.588889	0.099837	1.5
121	-0.663526	0.000000	0.588889	0.050186	1.6
122	-0.591202	0.000000	0.588889	0.045022	1.5
123	-0.599833	0.000000	0.588889	0.128754	1.4
124	-0.636753	0.000000	0.588889	0.072328	1.8
125	-0.603625	1.000000	0.562121	0.043994	1.5
126	-0.647561	0.445004	0.576669	0.082350	1.7
127	-0.597329	0.000000	0.588889	0.043003	1.5
128	-0.566331	0.000000	0.588889	0.108201	1.8
129	-0.633644	0.000000	0.588889	0.064258	1.8
130	-0.595092	0.732022	0.569053	0.033947	1.7
131	-0.602057	0.193882	0.583502	0.067743	1.6
132	-0.674642	0.000000	0.588889	0.069519	1.7
133	-0.645268	0.000000	0.588889	0.049282	1.7
134	-0.625805	0.000000	0.588889	0.087218	1.6
135	-0.647926	0.000000	0.588889	0.071920	1.7
136	-0.638151	0.000000	0.588889	0.054700	1.7
137	-0.702565	0.000000	0.588889	0.061997	1.8
138	-0.659585	0.000000	0.588889	0.088200	1.5
139	-0.623492	0.000000	0.588889	0.061773	1.5
140	-0.578582	1.000000	0.562121	0.077968	1.6
141	-0.690429	0.444995	0.576669	0.080941	1.7
142	-0.586701	0.151953	0.584659	0.066478	1.6
143	-0.657638	0.000000	0.588889	0.078864	1.8
144	-0.611300	0.999723	0.562128	0.036392	1.5
145	-0.675981	0.444708	0.576677	0.077624	1.5
146	-0.681640	0.000000	0.588889	0.050166	2.1
147	-0.600629	0.000000	0.588889	0.041163	1.4
148	-0.692636	0.000000	0.588889	0.160334	1.8
149	-0.653008	0.000000	0.588889	0.051250	1.5
150	-0.670073	1.000000	0.562121	0.033757	1.6
151	-0.714812	0.450794	0.576513	0.038287	1.7
152	-0.728436	0.000000	0.588889	0.064506	1.7
153	-0.642252	0.000000	0.588889	0.061847	1.5
154	-0.666805	0.000000	0.588889	0.030573	1.5
155	-0.658360	0.000000	0.588889	0.064281	2.2
156	-0.636388	0.000000	0.588889	0.070322	2.4
157	-0.663677	0.000000	0.588889	0.057695	1.9
158	-0.663041	0.000000	0.588889	0.073535	2.0
159	-0.726362	0.000000	0.588889	0.171982	1.7
160	-0.709018	0.000000	0.588889	0.045852	2.2
161	-0.692511	0.000000	0.588889	0.076340	1.7
162	-0.667460	0.000000	0.588889	0.060986	1.9
163	-0.709871	0.000000	0.588889	0.072647	1.6
164	-0.711529	0.000000	0.588889	0.035938	1.5
165	-0.605549	0.000000	0.588889	0.039071	1.5
166	-0.674206	0.000000	0.588889	0.025000	1.6
167	-0.697752	0.000000	0.588889	0.071243	1.5
168	-0.692747	0.000000	0.588889	0.068486	1.6
169	-0.696774	0.000000	0.588889	0.067799	1.6
170	-0.694710	0.995655	0.562232	0.021233	2.0
171	-0.643964	0.457617	0.576330	0.092782	1.6
172	-0.670200	1.208309	0.556849	0.038803	1.5
173	-0.703872	0.660933	0.570920	0.072684	1.5
174	-0.716279	0.107937	0.585878	0.070501	1.5
175	-0.731348	0.000000	0.588889	0.069573	1.5
176	-0.684435	0.000000	0.588889	0.089298	1.5
177	-0.672177	0.000000	0.588889	0.040821	1.8
178	-0.649538	0.000000	0.588889	0.046762	1.5
179	-0.699640	0.000000	0.588889	0.072837	1.5
180	-0.707562	0.000000	0.588889	0.036897	1.5
181	-0.632202	0.000000	0.588889	0.111212	1.7
182	-0.709957	0.841337	0.566205	0.067000	1.5
183	-0.622260	0.286313	0.580968	0.076574	1.5
184	-0.723591	1.269672	0.555314	0.070360	1.6
185	-0.718353	1.832069	0.541636	0.045540	1.7
186	-0.617678	1.278612	0.555092	0.046895	1.5
187	-0.637487	0.723732	0.569270	0.064466	1.8
188	-0.645766	1.366140	0.552919	0.035278	1.6
189	-0.645048	0.812466	0.566954	0.084740	1.5
190	-0.693811	0.363065	0.578881	0.056516	1.4
191	-0.734550	0.000000	0.588889	0.074668	1.5
192	-0.715955	0.141675	0.584943	0.105558	1.5
193	-0.688032	0.000000	0.588889	0.046451	1.7
194	-0.760641	0.000000	0.588889	0.077508	1.5
195	-0.718116	0.000000	0.588889	0.041284	1.5
196	-0.750259	0.000000	0.588889	0.073935	1.7
197	-0.674745	0.000000	0.588889	0.084061	1.5
198	-0.724630	0.000000	0.588889	0.026244	1.9
199	-0.759774	0.000000	0.588889	0.090331	1.6
200	-0.623014	0.000000	0.588889	0.045733	1.5
201	-0.730721	0.000000	0.588889	0.059598	1.5
202	-0.723069	0.000000	0.588889	0.038155	1.5
203	-0.767077	0.945803	0.563510	0.055641	1.7
204	-0.717016	1.626310	0.546561	0.090351	1.6
205	-0.777877	2.626292	0.523428	0.039962	1.9
206	-0.630882	2.071268	0.536020	0.055874	1.5
207	-0.680924	1.516302	0.549232	0.119667	1.7
208	-0.711605	0.961278	0.563112	0.026181	1.5
209	-0.698742	0.409664	0.577621	0.034428	1.5
210	-0.735543	0.000000	0.588889	0.087400	1.5
211	-0.726972	0.155281	0.584567	0.049188	1.5
212	-0.716272	0.000000	0.588889	0.032968	1.6
213	-0.663907	0.080722	0.586634	0.061832	1.9
214	-0.742510	0.000000	0.588889	0.074081	3.3
215	-0.756713	0.000000	0.588889	0.122575	2.8
216	-0.732700	0.000000	0.588889	0.020783	1.6
217	-0.749691	0.994319	0.562267	0.077271	1.5
218	-0.740268	0.441488	0.576764	0.096089	1.7
219	-0.755317	0.000000	0.588889	0.036571	1.7
220	-0.754342	0.000000	0.588889	0.072439	3.3
221	-0.803066	0.000000	0.588889	0.042432	2.0
222	-0.768494	0.000000	0.588889	0.084844	1.5
223	-0.755190	0.000000	0.588889	0.054066	1.4
224	-0.736025	0.000000	0.588889	0.055493	1.5
225	-0.744723	0.999830	0.562126	0.028334	1.5
226	-0.735641	0.448279	0.576581	0.043287	1.5
227	-0.714476	0.000000	0.588889	0.052342	1.5
228	-0.783901	0.999782	0.562127	0.020322	1.9
229	-0.721242	1.892754	0.540200	0.018120	1.7
230	-0.730656	2.344328	0.529751	0.049788	1.8
231	-0.714164	1.845520	0.541317	0.059882	1.5
232	-0.689972	1.290649	0.554792	0.049124	1.5
233	-0.735012	1.640800	0.546212	0.040990	1.5
234	-0.761567	1.097599	0.559639	0.042911	1.6
235	-0.689520	1.389286	0.552348	0.052820	1.6
236	-0.737124	0.834287	0.566388	0.023658	1.7
237	-0.818559	0.941051	0.563632	0.087410	1.5
238	-0.652377	1.448843	0.550882	0.043350	1.5
239	-0.722236	0.893820	0.564848	0.083385	1.8
240	-0.761063	0.338796	0.579539	0.060385	1.5
241	-0.766935	1.338796	0.553596	0.147849	1.5
242	-0.717276	2.338796	0.529876	0.038826	1.5
243	-0.746257	3.338796	0.508105	0.069561	1.5
244	-0.739915	2.783853	0.519961	0.029523	1.5
245	-0.820206	2.229264	0.532375	0.076498	2.0
246	-0.739291	1.674382	0.545403	0.039017	1.5
247	-0.751535	2.674182	0.522369	0.052938	1.4
248	-0.705954	2.119774	0.534896	0.056472	1.8
249	-0.745628	1.564773	0.548052	0.123467	1.6
250	-0.772081	2.564773	0.524795	0.053447	1.5
251	-0.720078	3.564773	0.503431	0.037280	1.7
252	-0.670612	3.025190	0.514738	0.050454	1.6
253	-0.760267	4.021301	0.494246	0.012763	1.5
254	-0.721713	4.865853	0.478108	0.020427	1.7
255	-0.714053	5.057446	0.474593	0.114302	1.7
256	-0.774808	6.044901	0.457264	0.109039	1.7
257	-0.695669	5.489877	0.466845	0.033360	1.8
258	-0.736043	6.489876	0.449863	0.071921	1.6
259	-0.807322	6.266995	0.453540	0.039270	1.6
260	-0.691459	7.266792	0.437498	0.036285	1.6
261	-0.717952	6.730372	0.445961	0.049742	1.6
262	-0.780041	6.176621	0.455048	0.046871	1.6
263	-0.736257	7.176455	0.438901	0.111304	1.5
264	-0.756069	8.176455	0.423858	0.016635	1.8
265	-0.714521	9.103665	0.410803	0.033300	1.5
266	-0.735915	9.045880	0.411593	0.017908	1.9
267	-0.728389	8.734720	0.415900	0.033594	1.7
268	-0.736515	8.266665	0.422551	0.046025	1.5
269	-0.722430	7.807625	0.429285	0.067127	1.5
270	-0.700478	7.825416	0.429020	0.021237	2.3
271	-0.784558	8.629939	0.417371	0.014847	2.5
272	-0.755368	9.061044	0.411385	0.026136	2.8
273	-0.770287	8.723605	0.416056	0.023101	1.6
274	-0.658415	8.264442	0.422583	0.053901	2.3
275	-0.757722	7.761007	0.429980	0.052890	1.6
276	-0.754963	7.205986	0.438441	0.075009	1.5
277	-0.744495	8.194643	0.423594	0.003327	1.6
278	-0.754223	8.625626	0.417432	0.035695	1.5
279	-0.742362	8.614827	0.417584	0.069568	1.6
280	-0.731373	9.614637	0.403946	0.018764	1.9
281	-0.702869	10.533977	0.392170	0.069952	1.8
282	-0.767037	11.447988	0.381123	0.022045	2.3
283	-0.754368	10.896673	0.387710	0.060973	1.8
284	-0.694106	10.420131	0.393591	0.087500	1.6
285	-0.746778	11.420131	0.381450	0.029418	1.8
286	-0.703698	10.865128	0.388094	0.051329	1.6
287	-0.669780	10.311285	0.394959	0.049923	1.6
288	-0.745015	9.756286	0.402086	0.046041	1.5
289	-0.729126	10.753534	0.389458	0.116794	1.7
290	-0.781935	10.198511	0.396387	0.022644	1.6
291	-0.761477	9.643544	0.403565	0.053051	1.9
292	-0.764865	9.093415	0.410943	0.023253	1.6
293	-0.720072	9.516246	0.405249	0.067365	1.5
294	-0.705036	8.975288	0.412562	0.046970	1.5
295	-0.747795	8.420268	0.420345	0.063041	1.5
296	-0.741608	9.420249	0.406528	0.043802	1.5
297	-0.683205	8.865287	0.414082	0.049699	1.6
298	-0.753451	9.865139	0.400668	0.058816	1.5
299	-0.710131	10.865107	0.388094	0.022991	1.5
300	-0.710370	10.855384	0.388213	0.228820	1.9
301	-0.716562	11.854988	0.376402	0.015756	1.5
302	-0.717600	11.310693	0.382742	0.081882	1.9
303	-0.727531	10.812417	0.388737	0.088403	1.5
304	-0.745190	11.812417	0.376890	0.072855	1.5
305	-0.727627	11.257394	0.383375	0.078540	1.8
306	-0.755719	10.702370	0.390087	0.030268	1.6
307	-0.774925	11.702223	0.378160	0.057950	1.5
308	-0.761718	12.673300	0.367254	0.035292	1.5
309	-0.743808	13.672605	0.356670	0.021257	1.5
310	-0.732137	14.180597	0.351520	0.048196	1.5
311	-0.697925	15.141529	0.342173	0.027093	1.5
312	-0.857876	15.171656	0.341888	0.026778	1.5
313	-0.731886	15.245110	0.341196	0.030458	1.8
314	-0.782383	14.892275	0.344550	0.027499	1.5
315	-0.691756	15.836540	0.335717	0.015269	1.6
316	-0.745556	15.554573	0.338307	0.019087	1.5
317	-0.718291	15.922487	0.334936	0.135467	1.8
318	-0.698136	16.922368	0.326105	0.026104	1.9
319	-0.796741	16.367351	0.330949	0.038695	1.9
320	-0.718885	15.842478	0.335663	0.071151	1.5
321	-0.773864	15.287458	0.340797	0.068339	1.5
322	-0.723776	16.287457	0.331658	0.023005	1.5
323	-0.759781	16.681917	0.328186	0.159249	1.7
324	-0.780700	16.135720	0.333013	0.035526	1.5
325	-0.744981	17.135720	0.324280	0.006147	1.5
326	-0.730894	16.945440	0.325907	0.023420	1.6
327	-0.741287	16.987698	0.325544	0.052801	2.0
328	-0.717264	16.504178	0.329741	0.069422	2.4
329	-0.738168	17.458631	0.321558	0.016801	2.2
330	-0.700353	18.410212	0.313794	0.055156	1.6
331	-0.727674	19.126605	0.308191	0.020667	1.5
332	-0.800354	20.088067	0.300980	0.117593	1.5
333	-0.660146	19.533056	0.305101	0.050248	1.7
334	-0.701893	20.533056	0.297755	0.027710	1.6
335	-0.743476	21.527937	0.290789	0.041657	2.0
336	-0.686345	20.992276	0.294499	0.099046	1.9
337	-0.747237	20.437253	0.298443	0.039091	1.5
338	-0.696961	19.884556	0.302478	0.041449	1.5
339	-0.760833	20.546349	0.297660	0.087972	1.5
340	-0.747270	21.546051	0.290666	0.031093	1.7
341	-0.790305	22.546042	0.283991	0.021623	1.6
342	-0.749427	22.799569	0.282347	0.026679	1.7
343	-0.811846	23.405470	0.278494	0.058503	1.5
344	-0.724131	24.390604	0.272450	0.045110	2.0
345	-0.734758	23.835587	0.275823	0.015155	1.5
346	-0.757805	24.457068	0.272052	0.072124	1.6
347	-0.704252	25.389372	0.266584	0.008575	1.6
348	-0.717257	24.959636	0.269077	0.108555	1.8
349	-0.784424	25.862816	0.263891	0.065305	1.7
350	-0.739600	26.862816	0.258377	0.033416	1.5
351	-0.686615	26.307841	0.261408	0.054149	1.5
352	-0.798878	27.298181	0.256048	0.117160	1.6
353	-0.753590	26.743158	0.259025	0.033539	1.7
354	-0.745822	26.188134	0.262072	0.034951	1.5
355	-0.789583	25.648838	0.265101	0.086499	1.5
356	-0.746443	25.093816	0.268293	0.051560	1.5
357	-0.681236	24.538792	0.271563	0.116440	1.5
358	-0.748618	25.538792	0.265728	0.069863	1.5
359	-0.708701	25.191704	0.267725	0.068643	1.6
360	-0.782657	24.636682	0.270981	0.031444	1.8
361	-0.715869	24.081809	0.274316	0.059836	1.6
362	-0.773695	25.079903	0.268374	0.097542	1.7
363	-0.753959	26.079903	0.262674	0.113425	1.7
364	-0.775434	27.079903	0.257211	0.140954	1.5
365	-0.721143	28.079903	0.251970	0.079127	1.5
366	-0.766842	29.079903	0.246939	0.053083	1.7
367	-0.700505	28.524879	0.249706	0.025771	1.5
368	-0.795000	29.507682	0.244847	0.034598	1.7
369	-0.738387	29.661522	0.244104	0.019042	1.9
370	-0.821994	29.160772	0.246541	0.090784	1.7
371	-0.718685	29.799237	0.243442	0.162222	2.0
372	-0.723452	29.244214	0.246131	0.063441	1.6
373	-0.724339	28.689190	0.248880	0.047349	1.6
374	-0.746671	29.689083	0.243971	0.017488	1.4
375	-0.753249	29.176636	0.246463	0.092940	1.5
376	-0.729268	28.636484	0.249145	0.006625	1.5
377	-0.690113	28.562456	0.249517	0.026385	1.9
378	-0.740402	28.354709	0.250567	0.083185	1.5
379	-0.788180	28.737891	0.248637	0.019612	1.9
380	-0.727199	29.711514	0.243863	0.021520	1.9
381	-0.777979	29.813521	0.243374	0.118695	1.5
382	-0.757946	29.555968	0.244613	0.021582	1.5
383	-0.718239	30.538423	0.239950	0.064792	1.7
384	-0.736597	30.009820	0.242437	0.145591	1.5
385	-0.779239	31.009820	0.237776	0.027504	2.0
386	-0.790106	30.454796	0.240340	0.116768	2.2
387	-0.723563	31.454795	0.235759	0.081796	2.7
388	-0.719172	32.454795	0.231348	0.027646	2.9
389	-0.736468	33.394774	0.227350	0.032984	1.6
390	-0.747950	34.218539	0.223959	0.076541	1.5
391	-0.703738	35.102031	0.220432	0.016609	1.5
392	-0.704391	35.122027	0.220353	0.092775	1.6
393	-0.698831	35.956490	0.217125	0.072853	1.5
394	-0.717165	35.401466	0.219261	0.136993	1.5
395	-0.706211	36.401466	0.215442	0.198588	1.8
396	-0.737845	37.401466	0.211753	0.021017	1.9
397	-0.711033	38.401463	0.208188	0.033714	2.3
398	-0.697195	39.113380	0.205722	0.037614	1.5
399	-0.748896	39.988629	0.202770	0.119035	1.5
400	-0.645386	40.984153	0.199513	0.088535	1.5
401	-0.758153	41.984153	0.196346	0.113873	1.5
402	-0.741360	41.429130	0.198091	0.042530	1.5
403	-0.739312	42.429130	0.194968	0.064669	1.5
404	-0.783145	41.874109	0.196689	0.049013	1.5
405	-0.776648	42.874082	0.193610	0.044629	1.7
406	-0.755370	42.319172	0.195307	0.010632	1.5
407	-0.716956	41.913590	0.196566	0.030208	1.5
408	-0.716130	41.757735	0.197054	0.046545	1.5
409	-0.733675	41.220703	0.198755	0.050534	1.5
410	-0.760278	41.979785	0.196359	0.013037	1.5
411	-0.752887	41.507688	0.197842	0.144878	1.5
412	-0.723921	40.955623	0.199605	0.116046	1.5
413	-0.813610	41.955623	0.196435	0.045098	1.6
414	-0.804959	42.955623	0.193363	0.062005	1.5
415	-0.698702	42.578005	0.194512	0.023205	1.7
416	-0.678001	42.027057	0.196212	0.016628	1.6
417	-0.707819	41.967896	0.196396	0.056496	1.8
418	-0.794129	41.663601	0.197350	0.070949	1.7
419	-0.762520	41.108577	0.199114	0.038624	1.5
420	-0.716743	40.553601	0.200909	0.153665	1.5
421	-0.713060	39.998577	0.202737	0.172380	1.4
422	-0.717657	39.443554	0.204599	0.122550	1.6
423	-0.795762	38.888530	0.206495	0.038890	1.5
424	-0.737837	38.333508	0.208426	0.116341	1.6
425	-0.742729	39.316320	0.205030	0.117430	1.8
426	-0.757654	38.761296	0.206934	0.087208	1.7
427	-0.723636	39.761296	0.203529	0.087053	1.7
428	-0.795122	40.761296	0.200233	0.068263	1.5
429	-0.754647	41.761296	0.197043	0.042659	1.5
430	-0.762905	41.223677	0.198745	0.044861	1.5
431	-0.744688	40.893328	0.199806	0.101063	1.5
432	-0.766062	40.338305	0.201614	0.135055	1.6
433	-0.741090	39.783281	0.203455	0.018390	1.4
434	-0.784951	40.782996	0.200163	0.034460	1.8
435	-0.707071	40.375855	0.201491	0.075247	1.6
436	-0.759122	41.374736	0.198264	0.047660	2.0
437	-0.722931	42.374123	0.195138	0.015407	1.9
438	-0.756113	42.961797	0.193345	0.091825	1.5
439	-0.761550	43.955526	0.190387	0.028963	1.5
440	-0.742137	43.400596	0.192027	0.068240	1.7
441	-0.754998	42.851586	0.193678	0.044371	1.6
442	-0.726363	43.850972	0.190694	0.080364	1.7
443	-0.691354	43.295949	0.192340	0.094202	2.0
444	-0.753044	44.295949	0.189394	0.035746	2.3
445	-0.753849	45.295947	0.186537	0.140700	2.7
446	-0.788749	44.740924	0.188112	0.020235	2.3
447	-0.790716	44.427053	0.189015	0.051759	2.5
448	-0.729900	44.840179	0.187829	0.075384	1.9
449	-0.703854	45.840179	0.185019	0.066606	2.3
450	-0.706465	46.840179	0.182291	0.067836	1.9
451	-0.726023	47.840179	0.179643	0.018572	1.5
452	-0.776570	47.288833	0.181094	0.046500	1.7
453	-0.717293	47.967213	0.179312	0.074246	1.5
454	-0.769074	48.967075	0.176750	0.040531	1.7
455	-0.796871	49.894413	0.174438	0.050985	1.5
456	-0.783438	49.341259	0.175810	0.031736	1.7
457	-0.804837	50.268771	0.173522	0.021354	1.8
458	-0.729369	49.810163	0.174645	0.075422	1.6
459	-0.676551	49.503770	0.175404	0.018727	1.7
460	-0.794029	48.992683	0.176685	0.059794	1.5
461	-0.771718	49.517644	0.175370	0.051970	1.5
462	-0.756886	48.962621	0.176761	0.034724	1.5
463	-0.788836	49.959270	0.174278	0.111431	1.5
464	-0.757359	50.959269	0.171857	0.070627	1.5
465	-0.780220	51.959269	0.169501	0.025153	1.5
466	-0.744342	52.715345	0.167762	0.029528	1.5
467	-0.747459	53.077295	0.166943	0.037879	1.8
468	-0.715677	52.786798	0.167600	0.028198	1.5
469	-0.730699	52.704314	0.167788	0.040546	1.5
470	-0.785675	52.159710	0.169037	0.061776	1.5
471	-0.677824	53.159667	0.166757	0.129664	1.7
472	-0.736479	52.604644	0.168015	0.059942	1.5
473	-0.727425	53.604634	0.165763	0.076994	1.5
474	-0.727729	53.049610	0.167005	0.032580	1.5
475	-0.700326	53.065220	0.166970	0.073866	1.4
476	-0.750670	52.510218	0.168231	0.033303	1.6
477	-0.755621	51.955211	0.169510	0.028858	1.5
478	-0.690586	52.921107	0.167296	0.069467	1.6
479	-0.810914	52.366180	0.168561	0.104863	1.5
480	-0.743210	53.355381	0.166318	0.034844	1.6
481	-0.725940	54.355241	0.164112	0.012675	1.5
482	-0.766320	54.021796	0.164841	0.079023	1.5
483	-0.729879	53.657032	0.165646	0.049387	1.5
484	-0.729653	53.102008	0.166887	0.050341	1.9
485	-0.805108	54.101869	0.164665	0.088232	1.7
486	-0.752282	53.546846	0.165891	0.046368	1.7
487	-0.760730	54.546828	0.163695	0.057206	1.5
488	-0.699151	53.991820	0.164907	0.053421	1.5
489	-0.795327	54.991812	0.162737	0.052099	1.4
490	-0.768607	54.781604	0.163188	0.040356	1.5
491	-0.768095	54.623386	0.163530	0.090596	1.6
492	-0.734431	54.068363	0.164739	0.035723	1.4
493	-0.757487	55.065137	0.162580	0.074694	1.5
494	-0.703423	54.511886	0.163771	0.068407	1.5
495	-0.694012	53.956863	0.164984	0.098120	1.8
496	-0.762596	54.956863	0.162812	0.022986	1.5
497	-0.756111	54.491925	0.163814	0.067761	1.5
498	-0.770777	54.150261	0.164559	0.012700	1.7
499	-0.792073	53.636897	0.165691	0.023758	1.5
500	-0.763040	53.484289	0.166031	0.058758	1.6
501	-0.757167	53.755706	0.165428	0.006678	1.7
502	-0.761973	53.702829	0.165545	0.020124	2.4
503	-0.818230	53.723388	0.165499	0.128594	2.9
504	-0.761460	53.168383	0.166738	0.035508	2.7
505	-0.752438	52.613360	0.167995	0.079484	1.4
506	-0.740784	53.611636	0.165747	0.033490	1.5
507	-0.695595	54.455385	0.163894	0.103415	1.6
508	-0.752009	54.641111	0.163491	0.045893	1.5
509	-0.777887	55.641111	0.161358	0.036942	1.8
510	-0.757850	56.637183	0.159288	0.039889	1.8
511	-0.769577	56.084795	0.160429	0.046288	1.7
512	-0.691847	55.529973	0.161593	0.055230	2.4
513	-0.772796	54.975167	0.162773	0.163111	1.6
514	-0.703325	55.975167	0.160658	0.042322	1.5
515	-0.727048	56.975167	0.158598	0.035805	1.6
516	-0.783327	56.496798	0.159577	0.013280	1.5
517	-0.737605	57.121885	0.158300	0.080210	1.8
518	-0.762994	56.601111	0.159362	0.027523	1.5
519	-0.804796	56.046119	0.160510	0.039468	1.5
520	-0.722271	57.018332	0.158510	0.076279	1.7
521	-0.681369	56.463313	0.159646	0.062606	1.5
522	-0.812006	57.463313	0.157611	0.101383	1.5
523	-0.732543	58.463313	0.155627	0.039048	1.6
524	-0.762941	57.908472	0.156722	0.042500	1.5
525	-0.722655	57.354905	0.157829	0.076933	1.5
526	-0.819932	58.354902	0.155840	0.077973	1.6
527	-0.808417	57.799879	0.156938	0.083435	1.4
528	-0.735026	57.244855	0.158051	0.073128	1.5
529	-0.743508	56.689832	0.159180	0.075210	1.5
530	-0.731733	57.689832	0.157157	0.118041	1.8
531	-0.739685	57.134808	0.158274	0.034782	1.5
532	-0.763968	56.579785	0.159406	0.035231	1.8
533	-0.783817	57.509252	0.157519	0.062280	1.5
534	-0.734390	58.509010	0.155538	0.047333	1.7
535	-0.743122	58.014930	0.156511	0.066123	1.8
536	-0.766484	57.459911	0.157618	0.018744	1.7
537	-0.754905	56.925460	0.158699	0.066994	1.5
538	-0.744463	57.910095	0.156718	0.068202	1.4
539	-0.739422	57.355071	0.157829	0.036614	1.6
540	-0.806444	56.812561	0.158929	0.071743	1.5
541	-0.711094	56.257782	0.160070	0.114340	1.7
542	-0.817657	57.257782	0.158025	0.102050	1.7
543	-0.682854	58.257782	0.156031	0.052999	1.8
544	-0.738367	59.257782	0.154087	0.044852	1.6
545	-0.754970	58.702772	0.155160	0.094715	1.6
546	-0.856358	59.702772	0.153237	0.080686	1.5
547	-0.747832	59.147748	0.154298	0.077750	1.5
548	-0.734112	60.145512	0.152401	0.053039	1.6
549	-0.726379	60.111212	0.152466	0.082239	1.5
550	-0.726646	59.556189	0.153516	0.014510	1.6
551	-0.811987	60.540641	0.151663	0.045550	1.8
552	-0.764894	61.010764	0.150793	0.084224	1.5
553	-0.755277	61.763642	0.149422	0.076771	1.5
554	-0.757967	61.208618	0.150430	0.071007	1.5
555	-0.694043	62.208618	0.148622	0.067321	1.5
556	-0.711809	62.908603	0.147383	0.054388	1.7
557	-0.758741	62.438328	0.148213	0.063179	1.7
558	-0.759452	63.438316	0.146458	0.012819	1.5
559	-0.755277	64.034823	0.145431	0.059493	1.5
560	-0.727352	64.400900	0.144807	0.029010	2.3
561	-0.792603	65.384953	0.143158	0.082156	2.3
562	-0.706223	64.835253	0.144074	0.023906	2.3
563	-0.713051	64.281427	0.145010	0.070212	1.8
564	-0.745152	64.896860	0.143971	0.090586	1.8
565	-0.790320	64.341836	0.144907	0.012050	1.7
566	-0.782809	63.793892	0.145844	0.047106	2.1
567	-0.832778	63.300315	0.146698	0.046039	1.7
568	-0.785712	64.295207	0.144987	0.091248	1.6
569	-0.803751	63.740185	0.145936	0.040037	1.6
570	-0.766339	63.185161	0.146898	0.014481	1.5
571	-0.798478	62.927247	0.147350	0.019486	1.6
572	-0.669542	63.250147	0.146785	0.051965	1.5
573	-0.779106	63.100937	0.147046	0.098101	1.5
574	-0.760783	64.100937	0.145318	0.043006	1.7
575	-0.769510	63.546497	0.146271	0.020707	1.6
576	-0.789955	64.330520	0.144927	0.041558	1.6
577	-0.726822	65.281603	0.143329	0.009767	1.5
578	-0.751396	65.893043	0.142321	0.020622	1.5
579	-0.799089	65.672411	0.142683	0.094369	1.8
580	-0.773206	65.127258	0.143586	0.037169	1.6
581	-0.814234	66.127257	0.141938	0.066558	1.5
582	-0.757434	67.127083	0.140328	0.022865	1.6
583	-0.800286	68.049727	0.138874	0.057410	1.6
584	-0.819018	67.499258	0.139738	0.057471	1.8
585	-0.772907	68.499256	0.138176	0.108111	1.5
586	-0.779525	69.499256	0.136649	0.138616	1.5
587	-0.716974	70.499256	0.135156	0.030059	1.4
588	-0.755599	69.944233	0.135981	0.059616	1.8
589	-0.764165	69.389484	0.136815	0.031467	1.5
590	-0.726945	70.387927	0.135321	0.081341	1.5
591	-0.735539	71.387850	0.133856	0.088285	1.5
592	-0.810737	70.832827	0.134665	0.040648	1.7
593	-0.699188	70.277803	0.135484	0.044108	2.1
594	-0.747932	69.723832	0.136311	0.217226	1.7
595	-0.720811	70.723832	0.134825	0.029815	1.4
596	-0.719551	70.168809	0.135646	0.040267	1.6
597	-0.733721	69.767761	0.136245	0.085189	1.5
598	-0.709758	69.212749	0.137083	0.136021	1.5
599	-0.788833	70.212749	0.135580	0.067224	1.5
600	-0.726754	69.657726	0.136411	0.039123	1.5
601	-0.763018	70.653131	0.134929	0.038660	1.5
602	-0.756164	71.639495	0.133492	0.090753	1.8
603	-0.746441	71.084471	0.134297	0.055851	1.5
604	-0.750488	70.529449	0.135111	0.048044	1.5
605	-0.711625	69.974460	0.135936	0.080882	1.4
606	-0.741349	70.974459	0.134458	0.026865	1.6
607	-0.787121	70.419581	0.135274	0.086659	1.8
608	-0.809281	71.419468	0.133810	0.069344	1.6
609	-0.791653	72.419468	0.132378	0.008576	1.8
610	-0.770853	72.875087	0.131735	0.009580	1.8
611	-0.765363	72.763797	0.131892	0.024634	1.7
612	-0.719010	72.756865	0.131901	0.025951	1.5
613	-0.801173	73.589836	0.130740	0.046482	1.5
614	-0.763553	74.544614	0.129433	0.113228	1.6
615	-0.734480	75.544614	0.128093	0.025388	1.8
616	-0.787783	76.544478	0.126780	0.018254	1.5
617	-0.789237	76.098529	0.127362	0.027620	1.5
618	-0.724459	76.257789	0.127154	0.015339	1.7
619	-0.732877	76.229582	0.127190	0.030908	2.2
620	-0.824515	76.181149	0.127254	0.004315	2.3
621	-0.740357	76.399884	0.126968	0.066433	2.4
622	-0.811294	76.778457	0.126476	0.046209	2.9
623	-0.709917	76.223453	0.127198	0.030487	1.5
624	-0.739656	76.759678	0.126501	0.013847	1.5
625	-0.763469	76.439651	0.126916	0.018744	2.4
626	-0.701437	76.775576	0.126480	0.040988	1.6
627	-0.706080	77.551723	0.125484	0.026632	2.3
628	-0.753686	77.223899	0.125903	0.045958	1.5
629	-0.743655	78.195973	0.124669	0.020033	1.5
630	-0.798504	77.973782	0.124949	0.099027	1.5
631	-0.773608	78.818740	0.123891	0.042983	1.5
632	-0.716699	79.818682	0.122662	0.042693	1.5
633	-0.760904	80.767553	0.121519	0.088755	1.5
634	-0.787686	81.767553	0.120336	0.065178	1.5
635	-0.738874	82.767553	0.119177	0.061752	1.5
636	-0.705764	82.212530	0.119818	0.061374	1.7
637	-0.773898	81.657506	0.120465	0.105461	1.5
638	-0.802981	81.102482	0.121120	0.052778	1.8
639	-0.768542	82.101649	0.119946	0.090449	1.7
640	-0.699686	82.989536	0.118922	0.098858	1.5
641	-0.742053	83.989536	0.117790	0.024826	1.5
642	-0.762215	83.434654	0.118415	0.024601	1.9
643	-0.801474	84.157388	0.117602	0.048052	1.5
644	-0.786429	85.122838	0.116532	0.026375	1.5
645	-0.746874	86.072878	0.115498	0.085597	1.6
646	-0.718444	87.072010	0.114430	0.017050	1.6
647	-0.766425	88.060501	0.113393	0.074280	1.5
648	-0.791725	88.956689	0.112469	0.062644	1.5
649	-0.688983	89.956689	0.111455	0.033031	1.5
650	-0.767569	89.781759	0.111631	0.031681	1.5
651	-0.757332	89.233232	0.112186	0.020932	2.0
652	-0.758917	89.056170	0.112367	0.045777	1.6
653	-0.788661	88.702071	0.112730	0.099401	1.8
654	-0.709891	89.702071	0.111711	0.030874	1.7
655	-0.740183	90.701203	0.110712	0.048095	1.7
656	-0.801043	91.544166	0.109883	0.054849	1.5
657	-0.724969	92.544072	0.108915	0.019304	1.5
658	-0.674442	92.174163	0.109271	0.089508	1.6
659	-0.837835	91.626567	0.109802	0.022631	1.9
660	-0.743465	91.084168	0.110334	0.047656	1.5
661	-0.741213	90.590053	0.110822	0.037460	1.6
662	-0.717248	91.581264	0.109847	0.100930	1.5
663	-0.690867	92.581264	0.108879	0.050944	1.5
664	-0.778235	93.581264	0.107929	0.038017	1.5
665	-0.722155	93.026408	0.108454	0.059096	1.7
666	-0.778134	92.471412	0.108985	0.119938	1.6
667	-0.766477	91.916388	0.109521	0.096047	1.5
668	-0.736391	92.916388	0.108559	0.109375	1.5
669	-0.737786	93.916388	0.107615	0.031578	1.5
670	-0.713936	94.916297	0.106686	0.097841	1.5
671	-0.735609	94.361296	0.107199	0.030555	1.5
672	-0.791229	93.807239	0.107717	0.042712	1.5
673	-0.706621	93.255237	0.108237	0.069315	1.6
674	-0.755778	92.700240	0.108766	0.064495	1.5
675	-0.700018	92.145218	0.109299	0.103083	1.5
676	-0.771822	93.145218	0.108342	0.056291	1.7
677	-0.822581	92.590194	0.108871	0.050595	2.8
678	-0.721016	92.035173	0.109406	0.059423	2.3
679	-0.762020	91.480466	0.109945	0.209072	2.3
680	-0.785105	92.480466	0.108976	0.072785	1.6
681	-0.817747	93.480466	0.108024	0.078993	2.0
682	-0.726497	94.480442	0.107089	0.083455	1.7
683	-0.728724	93.925418	0.107606	0.019060	1.5
684	-0.748481	94.755634	0.106834	0.067169	1.5
685	-0.778635	94.222095	0.107329	0.122045	1.5
686	-0.726872	95.222095	0.106405	0.030386	1.5
687	-0.728250	94.667071	0.106916	0.025407	1.7
688	-0.766756	94.888135	0.106712	0.098071	1.5
689	-0.708168	95.768522	0.105908	0.037058	1.5
690	-0.734052	95.213498	0.106413	0.123504	1.7
691	-0.787654	96.213498	0.105506	0.009355	1.8
692	-0.719743	96.651779	0.105112	0.057235	2.0
693	-0.737977	96.581249	0.105176	0.020037	1.5
694	-0.684002	96.206616	0.105512	0.015180	1.5
695	-0.739404	95.841128	0.105842	0.016988	1.7
696	-0.747938	95.552122	0.106104	0.051028	1.6
697	-0.775948	95.203406	0.106423	0.035616	1.6
698	-0.741463	94.650510	0.106931	0.052697	1.5
699	-0.738587	94.104183	0.107439	0.054997	1.6
700	-0.672773	93.549228	0.107959	0.036949	1.5
701	-0.774276	94.540973	0.107033	0.043749	2.0
702	-0.738536	95.535839	0.106119	0.072968	1.6
703	-0.770991	96.530011	0.105221	0.012883	1.5
704	-0.746579	96.339310	0.105392	0.012285	1.6
705	-0.698445	96.255236	0.105468	0.055658	1.5
706	-0.754683	96.906441	0.104885	0.029953	1.5
707	-0.746571	97.902682	0.104007	0.059140	1.5
708	-0.736001	98.900101	0.103141	0.062107	2.0
709	-0.798331	98.345091	0.103621	0.075722	2.0
710	-0.734438	97.790067	0.104105	0.099364	1.5
711	-0.737547	98.790067	0.103236	0.092349	1.6
712	-0.750452	99.790067	0.102382	0.053101	1.8
713	-0.765656	99.235044	0.102854	0.110626	1.5
714	-0.737997	100.235044	0.102006	0.115924	1.5
715	-0.729016	99.680020	0.102475	0.030857	1.6
716	-0.764109	99.124997	0.102948	0.072618	1.7
717	-0.734928	100.124885	0.102099	0.067658	2.0
718	-0.718978	101.124885	0.101262	0.099608	1.6
719	-0.740041	100.569861	0.101725	0.055459	1.4
720	-0.768141	100.014838	0.102191	0.031695	1.6
721	-0.775325	99.460781	0.102661	0.031683	1.6
722	-0.752535	98.918694	0.103125	0.094437	1.7
723	-0.744692	98.363673	0.103605	0.018608	1.6
724	-0.800662	97.906579	0.104003	0.092208	1.6
725	-0.746988	98.880231	0.103159	0.043348	1.5
726	-0.797132	98.325207	0.103638	0.040220	2.2
727	-0.785740	98.054385	0.103874	0.018586	1.5
728	-0.745896	97.830672	0.104070	0.036047	1.5
729	-0.729446	98.703422	0.103311	0.025907	1.5
730	-0.740363	98.162383	0.103780	0.007078	1.6
731	-0.768119	98.209825	0.103739	0.033980	1.5
732	-0.763035	98.252558	0.103702	0.057652	1.7
733	-0.784686	99.247823	0.102843	0.089317	1.5
734	-0.745741	100.247823	0.101995	0.023942	1.9
735	-0.781139	99.692857	0.102464	0.068897	2.6
736	-0.704763	99.140365	0.102935	0.021759	2.2
737	-0.739199	100.075780	0.102140	0.102803	1.6
738	-0.824868	101.073863	0.101305	0.064106	1.7
739	-0.728541	100.518840	0.101768	0.062558	1.7
740	-0.744246	99.963816	0.102234	0.056132	1.6
741	-0.793311	100.963816	0.101396	0.021506	1.9
742	-0.768859	101.948273	0.100584	0.041221	1.8
743	-0.775521	101.411922	0.101025	0.030252	2.3
744	-0.718312	102.400264	0.100216	0.094929	1.6
745	-0.742096	101.845244	0.100669	0.067066	1.5
746	-0.760063	101.290221	0.101126	0.021140	1.5
747	-0.805588	101.025191	0.101345	0.025575	1.7
748	-0.765688	101.767216	0.100733	0.135635	1.5
749	-0.689204	102.767177	0.099919	0.018668	1.6
750	-0.709806	103.766382	0.099119	0.034562	1.7
751	-0.770121	104.589853	0.098469	0.116720	1.6
752	-0.755436	104.034844	0.098906	0.111091	1.7
753	-0.736343	105.034844	0.098121	0.041180	1.5
754	-0.736236	106.034844	0.097349	0.028674	1.8
755	-0.740474	106.689251	0.096850	0.039336	1.5
756	-0.777829	106.213336	0.097212	0.046721	1.5
757	-0.751454	105.669773	0.097629	0.080460	1.5
758	-0.786849	105.187462	0.098002	0.082706	1.7
759	-0.759368	106.187462	0.097232	0.037271	1.7
760	-0.749064	105.632446	0.097658	0.039583	1.8
761	-0.780670	106.624302	0.096899	0.011645	1.6
762	-0.743225	107.204212	0.096461	0.085198	1.7
763	-0.708449	108.155623	0.095750	0.086195	1.4
764	-0.815597	107.600600	0.096163	0.053739	1.5
765	-0.751766	107.045577	0.096580	0.043457	1.5
766	-0.705002	108.045470	0.095832	0.175760	1.5
767	-0.777015	107.490447	0.096246	0.162966	1.6
768	-0.753656	106.935423	0.096663	0.062170	1.4
769	-0.790656	106.380400	0.097085	0.020494	1.5
770	-0.790295	106.209268	0.097215	0.048558	2.2
771	-0.709973	107.142040	0.096508	0.077351	1.7
772	-0.770664	108.142037	0.095760	0.105963	1.5
773	-0.715245	109.142037	0.095024	0.091294	1.5
774	-0.740067	110.142037	0.094300	0.015612	1.8
775	-0.758792	110.969262	0.093709	0.107624	1.6
776	-0.793133	110.430842	0.094093	0.020115	1.6
777	-0.765955	109.876239	0.094491	0.085445	1.5
778	-0.768163	110.870921	0.093779	0.137136	1.5
779	-0.840259	110.315898	0.094175	0.065211	1.8
780	-0.686442	109.760874	0.094575	0.056660	1.5
781	-0.766427	109.205851	0.094978	0.035470	1.5
782	-0.757566	110.205418	0.094254	0.043409	1.5
783	-0.757337	109.656458	0.094650	0.020255	1.7
784	-0.764323	110.302701	0.094184	0.043141	1.6
785	-0.801268	109.990427	0.094409	0.009485	1.5
786	-0.762311	109.838296	0.094519	0.083553	1.5
787	-0.688704	109.610526	0.094684	0.064064	1.8
788	-0.683816	109.055503	0.095088	0.041126	1.8
789	-0.673469	108.502369	0.095494	0.059379	1.5
790	-0.720818	107.947378	0.095905	0.088112	1.5
791	-0.766317	108.947378	0.095167	0.045299	1.7
792	-0.758645	109.947378	0.094440	0.094376	1.9
793	-0.675357	109.392355	0.094842	0.039349	2.2
794	-0.785680	110.392354	0.094120	0.041790	2.5
795	-0.807616	111.379986	0.093418	0.038083	2.0
796	-0.727301	112.286814	0.092782	0.044484	2.1
797	-0.747295	111.745752	0.093161	0.045318	1.5
798	-0.762366	111.193285	0.093550	0.021829	1.4
799	-0.780774	112.063375	0.092938	0.084258	1.4
800	-0.740402	111.508976	0.093327	0.011515	2.0
801	-0.754931	111.200285	0.093545	0.024319	2.2
802	-0.684062	111.646485	0.093230	0.035317	2.0
803	-0.746045	112.516623	0.092623	0.074598	1.5
804	-0.720788	113.516500	0.091934	0.151977	1.8
805	-0.811832	114.516500	0.091256	0.133175	2.0
806	-0.734020	115.516500	0.090587	0.021010	1.5
807	-0.713144	114.961498	0.090957	0.031192	2.1
808	-0.696970	114.450842	0.091300	0.028771	1.6
809	-0.749044	114.282618	0.091414	0.016647	1.8
810	-0.729228	114.086866	0.091546	0.021970	1.5
811	-0.772451	114.513288	0.091258	0.117202	1.5
812	-0.745545	115.431689	0.090644	0.018812	1.8
813	-0.730442	116.422984	0.089990	0.077502	1.8
814	-0.780491	117.407009	0.089350	0.051151	1.6
815	-0.809042	116.851985	0.089710	0.056988	1.5
816	-0.729040	117.851976	0.089064	0.067399	1.7
817	-0.717678	117.297186	0.089421	0.058129	1.5
818	-0.740912	118.297185	0.088779	0.042835	1.6
819	-0.749826	119.297148	0.088146	0.091230	1.5
820	-0.740843	118.742124	0.088496	0.116959	1.5
821	-0.712385	118.187101	0.088849	0.047635	1.4
822	-0.732928	117.632077	0.089205	0.019984	1.9
823	-0.773975	117.088349	0.089556	0.079560	1.5
824	-0.757188	118.028971	0.088950	0.059693	2.0
825	-0.729405	119.028971	0.088315	0.076586	1.5
826	-0.783379	120.028971	0.087689	0.030568	1.7
827	-0.758036	119.473983	0.088035	0.016133	1.5
828	-0.764966	119.031639	0.088313	0.051053	1.6
829	-0.733869	118.571817	0.088604	0.007788	1.5
830	-0.728524	118.153761	0.088871	0.034386	1.4
831	-0.773552	118.603579	0.088584	0.026735	1.9
832	-0.759298	118.154918	0.088870	0.099327	1.5
833	-0.777173	117.600019	0.089226	0.136296	1.5
834	-0.752175	117.044996	0.089584	0.056809	1.5
835	-0.734690	118.044996	0.088940	0.064351	1.5
836	-0.751162	119.044982	0.088305	0.041634	1.7
837	-0.700049	119.913035	0.087761	0.030456	1.5
838	-0.719010	120.836022	0.087190	0.071416	1.8
839	-0.728782	120.291965	0.087526	0.046950	1.5
840	-0.798216	119.736942	0.087871	0.027792	1.5
841	-0.787952	120.649611	0.087305	0.118091	1.7
842	-0.761499	120.094590	0.087648	0.056280	1.7
843	-0.686588	121.094590	0.087031	0.008311	1.5
844	-0.768254	120.990161	0.087095	0.037065	1.6
845	-0.727744	121.250012	0.086936	0.021441	1.5
846	-0.720714	121.092284	0.087033	0.046559	1.5
847	-0.753004	122.065059	0.086441	0.033614	1.6
848	-0.747263	121.674813	0.086677	0.020745	1.5
849	-0.773479	122.484387	0.086188	0.051961	1.4
850	-0.808563	121.939328	0.086517	0.054452	2.4
851	-0.762284	121.384316	0.086854	0.103750	2.1
852	-0.725983	120.829293	0.087194	0.151101	2.2
853	-0.780435	121.829293	0.086584	0.065721	1.7
854	-0.702032	121.274269	0.086921	0.035256	1.5
855	-0.764100	120.719383	0.087262	0.009031	2.0
856	-0.763324	121.011849	0.087082	0.057563	1.5
857	-0.801970	120.655204	0.087301	0.011951	1.8
858	-0.786326	121.368049	0.086864	0.050761	2.3
859	-0.741395	121.106087	0.087024	0.038332	1.7
860	-0.691970	120.589477	0.087342	0.068794	1.5
861	-0.780611	121.589372	0.086729	0.033770	1.8
862	-0.701741	121.034913	0.087068	0.098644	1.5
863	-0.725413	120.479894	0.087409	0.048364	1.5
864	-0.749218	119.924870	0.087754	0.081730	1.5
865	-0.805863	120.924870	0.087135	0.039855	1.7
866	-0.800640	121.924868	0.086526	0.020572	2.2
867	-0.722237	122.105809	0.086416	0.095930	3.0
868	-0.749350	121.790937	0.086607	0.037075	3.2
869	-0.743497	122.790935	0.086005	0.029514	3.1
870	-0.705332	122.313595	0.086291	0.064536	2.6
871	-0.764228	121.758804	0.086626	0.099600	3.3
872	-0.784730	121.203781	0.086964	0.043128	2.5
873	-0.810413	122.203781	0.086357	0.042509	2.5
874	-0.786671	121.649023	0.086693	0.063220	2.5
875	-0.755606	121.094033	0.087032	0.030468	2.4
876	-0.670963	122.092830	0.086424	0.083901	2.5
877	-0.710779	121.565678	0.086744	0.011365	2.2
878	-0.738142	121.596958	0.086725	0.022884	2.9
879	-0.730048	121.348045	0.086876	0.084498	2.0
880	-0.742194	120.796529	0.087214	0.039478	1.6
881	-0.725228	120.264283	0.087543	0.021282	1.5
882	-0.738146	119.731224	0.087874	0.071535	1.5
883	-0.687942	120.279143	0.087534	0.031894	1.7
884	-0.711523	121.279074	0.086918	0.017087	1.7
885	-0.779607	120.798329	0.087213	0.058438	1.5
886	-0.697840	121.755741	0.086628	0.038777	2.1
887	-0.801795	122.755661	0.086026	0.057545	1.7
888	-0.782595	123.753137	0.085433	0.051206	1.6
889	-0.810936	123.198117	0.085762	0.067473	1.5
890	-0.782334	124.198116	0.085171	0.065898	1.5
891	-0.707139	123.643093	0.085498	0.028830	1.6
892	-0.800850	123.710432	0.085458	0.046317	2.2
893	-0.761412	123.184394	0.085770	0.060706	1.8
894	-0.744590	122.629924	0.086101	0.080651	1.8
895	-0.778580	122.074903	0.086435	0.036046	1.5
896	-0.781109	123.033958	0.085859	0.031237	1.6
897	-0.716340	122.498681	0.086180	0.049748	1.5
898	-0.735319	123.491232	0.085588	0.062671	1.7
899	-0.767819	124.489095	0.085001	0.032557	1.4
900	-0.796927	124.335164	0.085091	0.052770	2.1
901	-0.739109	123.794354	0.085409	0.109452	2.3
902	-0.772437	124.794354	0.084823	0.077317	1.6
903	-0.680130	125.794354	0.084245	0.048567	2.5
904	-0.735282	125.239339	0.084565	0.096343	1.7
905	-0.761263	126.239339	0.083990	0.080434	1.5
906	-0.744511	125.684315	0.084308	0.072624	1.5
907	-0.643710	126.684315	0.083737	0.086935	2.2
908	-0.755798	126.129292	0.084053	0.057084	1.6
909	-0.739266	127.129292	0.083486	0.099584	1.6
910	-0.733241	128.129292	0.082926	0.027948	1.5
911	-0.735140	127.574271	0.083236	0.047941	2.0
912	-0.774997	127.021498	0.083546	0.031749	1.9
913	-0.736857	126.484777	0.083850	0.041538	1.7
914	-0.778492	125.933149	0.084165	0.111116	1.5
915	-0.773434	126.933149	0.083596	0.135732	2.5
916	-0.734079	126.378125	0.083911	0.118611	1.5
917	-0.796920	127.378125	0.083346	0.041147	1.5
918	-0.733807	128.378125	0.082788	0.033957	1.7
919	-0.792376	129.345885	0.082255	0.024053	1.7
920	-0.787515	129.244584	0.082310	0.018142	1.5
921	-0.805422	129.693913	0.082065	0.063963	1.6
922	-0.719095	130.440070	0.081660	0.048966	1.6
923	-0.772622	131.440067	0.081125	0.129794	1.7
924	-0.742294	132.440067	0.080596	0.033806	1.5
925	-0.781025	133.440067	0.080074	0.077720	1.7
926	-0.699260	132.885060	0.080363	0.043452	1.5
927	-0.738850	133.885058	0.079844	0.135865	1.6
928	-0.761545	133.330034	0.080131	0.032227	1.6
929	-0.719207	132.775011	0.080421	0.034611	1.5
930	-0.769182	133.089899	0.080256	0.037781	1.5
931	-0.765926	134.071412	0.079748	0.079483	1.5
932	-0.849749	135.064430	0.079241	0.090630	1.6
933	-0.739851	134.509406	0.079524	0.064321	1.5
934	-0.746334	133.954383	0.079808	0.035962	1.6
935	-0.769576	134.954287	0.079297	0.088391	1.6
936	-0.784258	134.399263	0.079580	0.106828	1.5
937	-0.721343	133.844240	0.079865	0.087559	1.6
938	-0.764147	134.844240	0.079353	0.126563	1.9
939	-0.756757	135.844240	0.078847	0.050248	1.6
940	-0.749267	135.289223	0.079127	0.037802	1.9
941	-0.795662	135.660728	0.078939	0.026630	1.8
942	-0.726082	135.507551	0.079016	0.051353	1.5
943	-0.740343	134.954214	0.079297	0.024543	1.4
944	-0.763231	135.905501	0.078816	0.026859	1.7
945	-0.748560	135.603833	0.078968	0.015843	1.5
946	-0.725939	135.203158	0.079170	0.029680	1.8
947	-0.723323	135.346085	0.079098	0.040927	1.7
948	-0.742247	136.205879	0.078665	0.024727	1.7
949	-0.707922	135.714364	0.078912	0.077802	1.5
950	-0.749922	135.658487	0.078940	0.023124	1.5
951	-0.716797	135.103676	0.079221	0.052726	1.5
952	-0.786166	134.558501	0.079499	0.021848	1.6
953	-0.716211	135.469943	0.079035	0.032993	1.8
954	-0.735147	135.058509	0.079244	0.035876	1.5
955	-0.734296	134.506913	0.079525	0.022881	1.7
956	-0.729595	133.971498	0.079800	0.092246	1.9
957	-0.800532	133.416517	0.080086	0.022834	2.2
958	-0.766732	132.995363	0.080305	0.032903	2.2
959	-0.776965	132.521278	0.080553	0.035217	2.1
960	-0.782278	132.102295	0.080774	0.058768	1.5
961	-0.780920	131.547824	0.081067	0.010744	1.9
962	-0.767391	131.201340	0.081252	0.008748	1.5
963	-0.728381	131.105327	0.081303	0.076772	1.5
964	-0.719170	131.887974	0.080887	0.060059	2.2
965	-0.750449	131.332950	0.081182	0.167510	1.7
966	-0.755187	132.332950	0.080652	0.032637	1.5
967	-0.768450	133.332699	0.080130	0.021347	1.6
968	-0.756153	134.145353	0.079710	0.018678	1.6
969	-0.763108	134.638648	0.079458	0.030688	1.5
970	-0.763401	135.339361	0.079101	0.005464	1.6
971	-0.774759	135.215089	0.079164	0.099151	1.5
972	-0.769353	135.564934	0.078987	0.047158	1.6
973	-0.710371	135.009910	0.079268	0.015821	2.0
974	-0.766733	134.501992	0.079527	0.092888	1.6
975	-0.811562	133.948390	0.079812	0.040814	1.5
976	-0.804832	134.948390	0.079300	0.105994	1.8
977	-0.818972	135.948390	0.078794	0.076686	1.5
978	-0.757499	136.948390	0.078296	0.046046	1.5
979	-0.854827	136.394052	0.078571	0.086561	1.5
980	-0.718066	135.839030	0.078849	0.031811	1.4
981	-0.782303	135.284486	0.079129	0.048679	1.5
982	-0.795572	134.741797	0.079405	0.075673	1.7
983	-0.755510	135.741796	0.078898	0.050835	1.7
984	-0.736867	136.741796	0.078398	0.049464	1.5
985	-0.813226	137.714494	0.077918	0.116501	1.5
986	-0.739761	137.159470	0.078191	0.063866	1.4
987	-0.773543	138.159470	0.077700	0.033058	1.5
988	-0.836044	137.604524	0.077972	0.063868	1.6
989	-0.769067	138.596251	0.077487	0.046078	1.5
990	-0.808975	139.596232	0.077005	0.049497	1.5
991	-0.747131	139.041409	0.077272	0.071469	1.5
992	-0.670336	140.041408	0.076792	0.042633	1.6
993	-0.768371	141.041406	0.076318	0.027314	1.6
994	-0.721726	140.527187	0.076561	0.074607	1.5
995	-0.779449	141.521333	0.076093	0.027790	1.4
996	-0.784801	142.401297	0.075683	0.027403	1.5
997	-0.704721	142.872899	0.075465	0.069952	1.5
998	-0.715487	143.872389	0.075008	0.100355	1.5
999	-0.770276	144.872389	0.074555	0.071554	1.8
