1:ItNr	2:Metric	3a:Time	3b:StepSize	4:||Gradient||	Time[ms]
0	-0.687923	0.000000	0.554381	0.078584	576.9
1	-0.667545	0.000000	0.554381	0.114401	2.0
2	-0.771094	1.000000	0.529182	0.047289	1.6
3	-0.690771	1.999993	0.506174	0.099168	1.6
4	-0.772541	2.999743	0.485089	0.063589	1.8
5	-0.685904	2.627202	0.492737	0.044067	2.0
6	-0.716659	2.254680	0.500630	0.064899	1.5
7	-0.716116	1.882167	0.508780	0.055144	1.8
8	-0.731181	2.344266	0.498709	0.046771	1.7
9	-0.741774	1.972343	0.506783	0.049020	1.7
10	-0.706912	1.599962	0.515134	0.071069	1.7
11	-0.763388	1.227421	0.523767	0.091727	1.6
12	-0.678367	0.863576	0.532484	0.082842	1.6
13	-0.696798	1.863576	0.509194	0.098130	2.0
14	-0.771581	1.491035	0.517628	0.008359	1.6
15	-0.694283	1.134440	0.525968	0.033096	1.7
16	-0.796385	0.918890	0.531140	0.037318	1.7
17	-0.787290	1.375514	0.520301	0.039413	1.7
18	-0.751152	1.004935	0.529063	0.060908	1.8
19	-0.748512	0.642081	0.537933	0.052212	1.9
20	-0.695699	0.269614	0.547354	0.046998	1.8
21	-0.692720	0.000000	0.554381	0.030402	2.4
22	-0.740291	0.000000	0.554381	0.031002	2.2
23	-0.725975	0.000000	0.554381	0.093905	3.1
24	-0.726629	0.000000	0.554381	0.059209	2.0
25	-0.711035	1.000000	0.529182	0.073979	1.6
26	-0.755804	1.999947	0.506175	0.046458	1.8
27	-0.759889	1.627410	0.514509	0.052165	2.2
28	-0.672124	1.254992	0.523119	0.031795	3.1
29	-0.735020	0.883603	0.531996	0.040432	2.0
30	-0.646589	1.326751	0.521437	0.048175	1.8
31	-0.752842	2.321008	0.499207	0.061534	1.6
32	-0.688152	1.948472	0.507310	0.043353	1.7
33	-0.711309	1.576954	0.515659	0.118382	1.5
34	-0.747182	1.204413	0.524310	0.024946	1.5
35	-0.726431	2.203907	0.501726	0.191923	1.6
36	-0.751087	1.831366	0.509913	0.041804	1.9
37	-0.747573	2.831366	0.488516	0.039062	1.8
38	-0.719715	3.828374	0.468899	0.048046	1.6
39	-0.769882	4.760864	0.451926	0.029061	1.5
40	-0.772512	4.457099	0.457318	0.053350	1.8
41	-0.734587	4.105393	0.463725	0.037485	1.6
42	-0.739617	3.737378	0.470624	0.077240	1.5
43	-0.710964	4.729093	0.452484	0.147153	2.4
44	-0.681812	4.356552	0.459132	0.032317	1.9
45	-0.805021	5.342017	0.441956	0.041535	1.5
46	-0.783138	4.971487	0.448261	0.088750	1.7
47	-0.696483	5.971303	0.431644	0.079940	1.8
48	-0.749889	5.598762	0.437690	0.043970	1.5
49	-0.781449	6.598616	0.421833	0.023119	1.8
50	-0.736726	6.604400	0.421744	0.050762	1.9
51	-0.724027	6.264927	0.426995	0.030435	1.6
52	-0.733165	7.257693	0.411994	0.088972	1.8
53	-0.768496	6.885175	0.417498	0.041969	2.0
54	-0.754167	7.885172	0.403044	0.032026	1.5
55	-0.718798	7.515395	0.408271	0.066731	1.7
56	-0.740227	7.142898	0.413675	0.047005	1.5
57	-0.712504	8.142892	0.399480	0.063231	1.6
58	-0.722383	9.138142	0.386288	0.034542	1.5
59	-0.755264	9.645231	0.379896	0.029151	2.1
60	-0.744980	9.296912	0.384264	0.034770	1.6
61	-0.790802	10.036115	0.375111	0.101132	1.5
62	-0.727061	9.671366	0.379572	0.052538	1.7
63	-0.783851	9.298825	0.384239	0.028049	1.8
64	-0.740663	8.927196	0.389011	0.027795	1.7
65	-0.645736	8.651031	0.392634	0.104343	1.8
66	-0.733488	8.278732	0.397627	0.021255	1.6
67	-0.715336	7.980397	0.401720	0.090290	2.0
68	-0.803561	7.608449	0.406943	0.050872	2.1
69	-0.779424	7.235908	0.412312	0.084171	1.9
70	-0.679736	6.863366	0.417825	0.050238	1.6
71	-0.721546	6.490825	0.423487	0.078989	1.5
72	-0.696583	7.490825	0.408623	0.051362	1.5
73	-0.775180	8.490825	0.394767	0.032167	1.7
74	-0.670453	8.122116	0.399765	0.022222	1.9
75	-0.703985	7.820332	0.403951	0.068382	2.5
76	-0.752597	7.598475	0.407085	0.104538	2.4
77	-0.645481	7.225934	0.412458	0.051525	2.6
78	-0.751527	8.225933	0.398345	0.079910	2.8
79	-0.773275	7.853392	0.403488	0.099996	1.7
80	-0.731878	7.480851	0.408766	0.034578	1.5
81	-0.760116	7.108320	0.414183	0.048318	1.6
82	-0.776808	6.740115	0.419681	0.047452	1.6
83	-0.718138	6.367620	0.425393	0.061271	1.7
84	-0.712789	7.198646	0.412857	0.029247	1.7
85	-0.783845	8.026172	0.401086	0.058430	1.8
86	-0.775789	7.655579	0.406273	0.022464	2.6
87	-0.763397	7.359996	0.410508	0.043429	1.9
88	-0.767207	7.023530	0.415437	0.015717	1.8
89	-0.778424	7.631117	0.406621	0.022939	2.0
90	-0.755588	7.886428	0.403027	0.051801	1.8
91	-0.738217	7.518640	0.408224	0.051656	1.6
92	-0.703232	7.146103	0.413627	0.018961	1.5
93	-0.776564	7.954036	0.402086	0.083206	1.8
94	-0.670084	8.926773	0.389016	0.048587	2.1
95	-0.793240	8.554232	0.393920	0.020441	1.7
96	-0.691961	9.103611	0.386731	0.110640	1.8
97	-0.728553	8.731209	0.391575	0.074704	1.7
98	-0.676961	9.731209	0.378833	0.011559	1.7
99	-0.727566	9.454253	0.382278	0.063743	1.5
100	-0.814591	9.846650	0.377415	0.023220	1.5
101	-0.723624	9.475273	0.382015	0.075214	1.7
102	-0.822149	9.170577	0.385873	0.025702	1.8
103	-0.735174	10.041570	0.375045	0.087836	1.7
104	-0.740070	9.669245	0.379599	0.011685	1.8
105	-0.749664	9.344026	0.383667	0.014761	1.9
106	-0.717973	9.271517	0.384586	0.088862	1.8
107	-0.774690	8.961921	0.388560	0.079361	1.6
108	-0.776686	9.961921	0.376010	0.107355	1.7
109	-0.741469	10.961921	0.364246	0.086974	1.5
110	-0.753730	10.589380	0.368542	0.060456	2.1
111	-0.705117	11.589380	0.357233	0.023870	1.9
112	-0.733104	11.824509	0.354674	0.098516	1.5
113	-0.780866	12.528115	0.347231	0.035418	1.8
114	-0.816353	13.528114	0.337175	0.066129	1.8
115	-0.688198	14.527962	0.327686	0.044715	1.8
116	-0.714207	14.156484	0.331148	0.055301	1.5
117	-0.788753	15.156410	0.321990	0.064569	1.6
118	-0.701147	14.789170	0.325294	0.012135	1.5
119	-0.716991	14.465520	0.328262	0.035200	1.5
120	-0.688642	14.917454	0.324132	0.057199	2.0
121	-0.745914	15.915567	0.315368	0.084159	2.3
122	-0.713008	16.915567	0.307051	0.048533	1.6
123	-0.699941	16.576520	0.309821	0.066844	1.5
124	-0.808700	17.570725	0.301835	0.029871	1.6
125	-0.717701	17.198273	0.304778	0.046054	1.6
126	-0.703528	18.189004	0.297073	0.052039	2.0
127	-0.745414	17.817110	0.299919	0.054951	1.8
128	-0.668515	17.450472	0.302779	0.010006	1.8
129	-0.731960	18.100809	0.297743	0.063343	2.2
130	-0.731020	17.802548	0.300032	0.040205	2.3
131	-0.732281	18.797419	0.292532	0.025427	2.9
132	-0.797867	18.726717	0.293052	0.025757	2.4
133	-0.700304	18.955183	0.291376	0.026975	1.9
134	-0.774691	18.929180	0.291566	0.023816	2.2
135	-0.657250	18.789149	0.292592	0.016428	3.2
136	-0.802558	18.516839	0.294609	0.026980	2.0
137	-0.658268	18.669868	0.293472	0.093958	1.5
138	-0.740207	19.669187	0.286261	0.115295	1.6
139	-0.697647	19.296645	0.288907	0.031282	1.5
140	-0.708124	20.296523	0.281912	0.063777	1.5
141	-0.736103	19.991786	0.284008	0.033313	2.1
142	-0.713192	20.991004	0.277250	0.054913	1.9
143	-0.734150	20.618925	0.279729	0.061508	1.7
144	-0.786093	21.618917	0.273165	0.038182	1.8
145	-0.777206	22.617198	0.266913	0.042220	1.5
146	-0.749001	22.251182	0.269172	0.106765	1.7
147	-0.665701	21.965824	0.270960	0.087346	2.1
148	-0.724866	21.593282	0.273329	0.051550	1.6
149	-0.778076	22.593281	0.267060	0.074101	1.5
150	-0.746080	23.593281	0.261071	0.037248	1.8
151	-0.768287	24.592863	0.255347	0.026654	2.0
152	-0.760235	24.726726	0.254599	0.038557	2.1
153	-0.699340	24.469578	0.256039	0.032789	1.6
154	-0.702791	25.032595	0.252908	0.025154	1.5
155	-0.728287	24.864545	0.253834	0.044453	1.6
156	-0.784486	24.504304	0.255844	0.072089	1.7
157	-0.745335	24.131763	0.257956	0.027460	1.7
158	-0.767360	23.771319	0.260033	0.069363	1.7
159	-0.755340	23.403522	0.262186	0.068738	1.7
160	-0.704015	24.403515	0.256412	0.053436	1.7
161	-0.693627	25.403515	0.250886	0.110170	1.5
162	-0.760380	26.403515	0.245594	0.053503	1.6
163	-0.723127	27.403515	0.240520	0.041793	1.5
164	-0.626281	28.335665	0.235975	0.050338	1.6
165	-0.753976	29.250025	0.231681	0.045724	1.5
166	-0.723794	28.877506	0.233412	0.076777	1.5
167	-0.709826	29.877504	0.228824	0.031511	1.7
168	-0.716768	29.505758	0.230508	0.026676	1.8
169	-0.733848	29.150287	0.232142	0.028536	2.0
170	-0.719103	28.813657	0.233711	0.022492	1.7
171	-0.719774	29.395162	0.231014	0.024257	1.5
172	-0.685103	29.734214	0.229470	0.059877	1.8
173	-0.735080	29.394417	0.231018	0.089553	1.7
174	-0.771806	30.394417	0.226523	0.029504	1.5
175	-0.784171	30.021942	0.228176	0.019823	1.6
176	-0.730543	29.759431	0.229356	0.061624	1.7
177	-0.772574	30.690171	0.225227	0.025947	2.1
178	-0.677810	30.698296	0.225191	0.027049	1.6
179	-0.748470	30.857444	0.224500	0.156270	1.5
180	-0.766879	30.484922	0.226124	0.022869	1.8
181	-0.668170	31.476216	0.221853	0.072292	1.7
182	-0.708107	31.105362	0.223432	0.020189	1.7
183	-0.783974	32.055203	0.219432	0.054684	1.9
184	-0.722469	31.703876	0.220895	0.063524	2.3
185	-0.756675	32.654867	0.216979	0.065058	2.3
186	-0.787541	33.648571	0.213034	0.062977	2.5
187	-0.730487	34.648567	0.209206	0.030839	2.3
188	-0.764960	34.276213	0.210615	0.030313	3.0
189	-0.705565	33.923018	0.211969	0.097667	2.4
190	-0.764082	33.550478	0.213417	0.132869	1.8
191	-0.752027	34.550478	0.209575	0.043346	3.5
192	-0.753801	35.550431	0.205869	0.021591	1.5
193	-0.740817	35.363139	0.206553	0.037624	1.9
194	-0.690077	36.108612	0.203857	0.072677	1.5
195	-0.675893	35.892862	0.204630	0.041721	1.5
196	-0.725789	36.892852	0.201096	0.053422	1.9
197	-0.728269	36.521350	0.202394	0.110625	1.6
198	-0.740526	37.521349	0.198936	0.112158	1.8
199	-0.753043	38.521349	0.195594	0.031810	1.5
200	-0.792091	39.521326	0.192362	0.083774	1.6
201	-0.779094	40.521137	0.189236	0.046140	1.5
202	-0.732792	40.148597	0.190389	0.065939	1.5
203	-0.757317	39.776060	0.191556	0.083721	1.8
204	-0.741090	39.403519	0.192737	0.050263	2.1
205	-0.748193	40.403519	0.189598	0.027758	1.5
206	-0.760236	40.036519	0.190738	0.018088	1.8
207	-0.737768	39.732114	0.191694	0.028474	1.7
208	-0.730499	39.472311	0.192518	0.038013	1.9
209	-0.688245	40.114302	0.190496	0.020595	1.5
210	-0.720893	39.759387	0.191608	0.094108	1.5
211	-0.750893	39.726554	0.191712	0.026865	1.7
212	-0.733445	39.539474	0.192304	0.026454	2.0
213	-0.757366	39.476313	0.192505	0.035141	1.6
214	-0.781538	39.154298	0.193536	0.057415	1.7
215	-0.830050	39.743085	0.191660	0.028785	1.5
216	-0.789020	39.376449	0.192824	0.117742	1.5
217	-0.717557	40.376434	0.189682	0.055010	1.6
218	-0.772737	41.376434	0.186641	0.030352	1.5
219	-0.731643	42.370801	0.183712	0.052348	1.5
220	-0.693463	42.023214	0.184726	0.204942	2.2
221	-0.732041	41.650673	0.185824	0.045620	1.5
222	-0.674636	42.650673	0.182905	0.085738	1.5
223	-0.715919	42.278131	0.183981	0.031693	1.5
224	-0.777112	42.455202	0.183468	0.034438	1.5
225	-0.799761	42.098665	0.184505	0.043257	1.5
226	-0.742786	41.727011	0.185598	0.051416	1.6
227	-0.775447	42.199105	0.184211	0.039470	1.7
228	-0.777904	43.181207	0.181393	0.120486	1.5
229	-0.749409	42.808666	0.182452	0.022931	2.0
230	-0.751233	43.803238	0.179652	0.039031	1.7
231	-0.740148	44.384745	0.178054	0.071793	1.8
232	-0.740419	45.153534	0.175985	0.010727	1.6
233	-0.713605	44.960411	0.176500	0.151146	1.5
234	-0.746443	44.614136	0.177431	0.062823	1.6
235	-0.763403	45.614136	0.174768	0.151251	1.7
236	-0.788478	46.614136	0.172183	0.014557	1.5
237	-0.719298	47.613130	0.169676	0.032209	1.7
238	-0.767988	47.311846	0.170424	0.023277	2.2
239	-0.765897	47.151971	0.170824	0.084579	2.1
240	-0.770698	48.145457	0.168370	0.091316	2.6
241	-0.698644	47.772916	0.169282	0.024916	2.4
242	-0.753816	47.404416	0.170194	0.075957	3.6
243	-0.741784	48.401612	0.167748	0.020822	3.2
244	-0.746221	48.030075	0.168651	0.094000	1.8
245	-0.760156	49.010595	0.166289	0.078512	1.7
246	-0.682422	50.010595	0.163947	0.124537	1.7
247	-0.752331	49.638054	0.164812	0.065720	1.6
248	-0.750020	50.638054	0.162511	0.045499	1.5
249	-0.765173	50.265514	0.163361	0.104172	3.3
250	-0.739242	49.893087	0.164219	0.032788	1.8
251	-0.699119	49.689618	0.164692	0.031928	1.7
252	-0.742916	50.129433	0.163673	0.056674	1.9
253	-0.717715	51.104290	0.161461	0.163438	2.0
254	-0.773336	52.104248	0.159252	0.020058	1.7
255	-0.767988	51.731709	0.160068	0.105560	1.4
256	-0.751660	51.359249	0.160892	0.045516	1.4
257	-0.746330	52.359247	0.158698	0.068779	1.8
258	-0.714336	51.986712	0.159508	0.035463	2.0
259	-0.719041	52.704056	0.157956	0.031012	2.1
260	-0.753189	53.250620	0.156793	0.016630	1.7
261	-0.735176	52.944253	0.157443	0.060147	2.1
262	-0.700676	52.585069	0.158211	0.046099	1.7
263	-0.690729	52.224211	0.158991	0.063205	1.6
264	-0.683960	53.222748	0.156852	0.060960	1.6
265	-0.676144	54.222746	0.154767	0.065966	17.0
266	-0.727710	53.850230	0.155537	0.033977	1.8
267	-0.736498	53.477760	0.156315	0.022207	1.8
268	-0.770155	53.908451	0.155416	0.048395	1.5
269	-0.782448	54.831316	0.153525	0.039711	1.5
270	-0.733079	54.459680	0.154281	0.079766	1.7
271	-0.738311	55.459674	0.152263	0.013718	1.7
272	-0.779875	55.183534	0.152815	0.053946	1.5
273	-0.782776	54.893494	0.153399	0.021132	1.8
274	-0.704555	54.618890	0.153956	0.011992	2.0
275	-0.705919	54.540525	0.154116	0.023977	2.1
276	-0.766542	54.614533	0.153965	0.045373	1.7
277	-0.766458	54.277289	0.154655	0.018008	1.5
278	-0.789439	53.922812	0.155387	0.023354	1.5
279	-0.768137	53.695612	0.155859	0.049494	1.5
280	-0.681357	53.610381	0.156037	0.045161	1.5
281	-0.782803	53.237868	0.156820	0.050160	1.7
282	-0.662292	52.865458	0.157611	0.005440	2.7
283	-0.738126	52.745347	0.157868	0.022557	2.4
284	-0.722419	52.819400	0.157709	0.061000	3.1
285	-0.754860	52.922402	0.157489	0.041976	2.5
286	-0.699945	52.550012	0.158287	0.039711	1.8
287	-0.772970	52.177798	0.159092	0.028054	1.9
288	-0.730930	52.655790	0.158060	0.134633	1.7
289	-0.731317	52.562297	0.158260	0.107765	2.2
290	-0.721306	52.189756	0.159066	0.042539	2.6
291	-0.791746	53.183100	0.156936	0.112136	1.5
292	-0.806327	54.182993	0.154849	0.013507	1.7
293	-0.757164	53.813578	0.155613	0.032941	1.5
294	-0.755562	54.011597	0.155203	0.065851	1.6
295	-0.712865	53.830717	0.155578	0.057450	1.8
296	-0.796372	53.458178	0.156356	0.089623	2.0
297	-0.728023	53.085637	0.157142	0.095228	1.5
298	-0.772065	54.085637	0.155050	0.017836	2.0
299	-0.797746	54.415827	0.154371	0.019739	1.6
300	-0.839240	54.178918	0.154857	0.164437	1.7
301	-0.675928	53.806533	0.155628	0.065278	1.7
302	-0.814365	54.806533	0.153575	0.025477	2.0
303	-0.774314	55.093556	0.152996	0.034167	1.9
304	-0.825633	54.802343	0.153584	0.055458	1.5
305	-0.769514	55.555826	0.152072	0.046522	1.7
306	-0.731222	55.215099	0.152752	0.032148	1.5
307	-0.727252	56.131481	0.150937	0.031056	1.5
308	-0.669452	55.767767	0.151652	0.020158	1.7
309	-0.713514	55.546512	0.152091	0.038504	1.6
310	-0.732349	55.863373	0.151464	0.078826	1.4
311	-0.736589	55.490893	0.152201	0.041061	1.5
312	-0.727710	55.118356	0.152946	0.121739	1.8
313	-0.754652	54.745815	0.153698	0.068724	1.8
314	-0.693200	55.745815	0.151696	0.065859	1.7
315	-0.812950	56.745812	0.149744	0.076128	1.6
316	-0.792656	57.745812	0.147843	0.028014	1.5
317	-0.754333	57.419478	0.148458	0.098127	1.6
318	-0.737478	57.785830	0.147768	0.085003	1.8
319	-0.720001	58.785830	0.145916	0.057060	1.6
320	-0.765660	59.785830	0.144109	0.058816	1.7
321	-0.763015	59.413289	0.144777	0.050747	1.9
322	-0.739678	59.040774	0.145451	0.033658	1.5
323	-0.793674	58.799114	0.145891	0.074180	1.7
324	-0.771663	58.444837	0.146542	0.115074	1.7
325	-0.720677	59.444837	0.144720	0.036938	1.6
326	-0.812007	60.444836	0.142943	0.031180	1.5
327	-0.795096	60.227157	0.143326	0.023927	1.7
328	-0.731603	60.377596	0.143061	0.014118	1.9
329	-0.706780	60.679742	0.142532	0.036167	1.8
330	-0.726041	60.387373	0.143044	0.027711	1.7
331	-0.706031	60.084625	0.143578	0.026223	1.5
332	-0.753134	60.845177	0.142244	0.063232	1.6
333	-0.742704	61.820020	0.140570	0.072183	1.8
334	-0.718083	62.820020	0.138893	0.051781	1.6
335	-0.756900	63.820019	0.137255	0.097658	1.9
336	-0.695751	64.820019	0.135656	0.036724	1.7
337	-0.693807	64.447478	0.136247	0.048719	2.3
338	-0.781101	65.444418	0.134676	0.049614	2.1
339	-0.755329	66.443889	0.133137	0.020457	2.8
340	-0.792073	67.049971	0.132220	0.022720	2.2
341	-0.706502	66.962411	0.132352	0.066711	2.1
342	-0.691585	67.472249	0.131589	0.066701	2.0
343	-0.740239	67.099708	0.132146	0.046266	1.8
344	-0.736300	68.097292	0.130666	0.100740	1.7
345	-0.759546	69.096780	0.129217	0.125462	1.5
346	-0.706748	70.096780	0.127798	0.054649	1.7
347	-0.826776	71.096780	0.126411	0.139722	2.3
348	-0.705522	72.096780	0.125053	0.045780	2.6
349	-0.771307	73.096780	0.123724	0.070691	1.7
350	-0.731197	72.724239	0.124215	0.090749	2.0
351	-0.749872	73.724239	0.122904	0.020129	1.7
352	-0.765291	74.695261	0.121657	0.013631	1.5
353	-0.766020	74.589292	0.121792	0.047092	1.8
354	-0.796944	74.334258	0.122118	0.045069	1.5
355	-0.780029	73.962203	0.122596	0.033904	1.8
356	-0.793358	73.627422	0.123030	0.051210	1.9
357	-0.736773	74.056333	0.122475	0.030136	1.7
358	-0.720700	75.044935	0.121214	0.024832	1.5
359	-0.780050	74.691941	0.121661	0.029771	1.5
360	-0.793667	74.390363	0.122046	0.029488	1.5
361	-0.760701	74.553790	0.121837	0.078027	1.8
362	-0.800307	75.553315	0.120576	0.086368	1.5
363	-0.761911	76.553315	0.119340	0.028031	1.6
364	-0.774071	76.182024	0.119796	0.063630	1.7
365	-0.762468	75.956995	0.120074	0.083836	1.8
366	-0.743716	75.584454	0.120537	0.049627	1.8
367	-0.730169	76.053228	0.119955	0.066254	1.8
368	-0.762149	75.683786	0.120413	0.042596	1.7
369	-0.814240	76.683767	0.119180	0.039972	1.7
370	-0.764609	77.427206	0.118280	0.119946	1.6
371	-0.723113	77.054666	0.118730	0.028640	1.7
372	-0.770052	76.683060	0.119181	0.079954	2.1
373	-0.745267	76.399432	0.119528	0.100916	1.5
374	-0.687563	77.399432	0.118314	0.116685	2.1
375	-0.745031	77.026890	0.118763	0.052274	1.8
376	-0.784187	78.026890	0.117564	0.106564	1.7
377	-0.734976	79.026890	0.116389	0.045923	2.1
378	-0.716423	80.026890	0.115237	0.063187	1.8
379	-0.733317	80.987255	0.114152	0.067274	1.7
380	-0.710217	80.614714	0.114570	0.062887	1.6
381	-0.716014	81.614714	0.113454	0.075112	1.7
382	-0.780235	82.614714	0.112359	0.025999	1.7
383	-0.739340	83.613578	0.111286	0.055156	1.6
384	-0.753148	84.605110	0.110241	0.138927	1.7
385	-0.717815	84.232568	0.110631	0.145126	1.7
386	-0.763258	83.860027	0.111024	0.137285	1.5
387	-0.737276	83.487486	0.111420	0.070623	1.8
388	-0.695171	84.487486	0.110364	0.032590	1.6
389	-0.773861	84.118642	0.110751	0.114027	1.9
390	-0.823044	83.746124	0.111145	0.024721	2.6
391	-0.738989	83.557316	0.111346	0.143829	3.0
392	-0.736605	84.044087	0.110830	0.016924	2.3
393	-0.715721	84.727876	0.110113	0.038876	2.3
394	-0.762921	84.892693	0.109941	0.032904	3.0
395	-0.742907	84.985293	0.109845	0.060250	3.5
396	-0.731512	84.615902	0.110230	0.067795	2.3
397	-0.717304	84.941159	0.109891	0.058569	1.7
398	-0.780162	85.941158	0.108864	0.054602	1.6
399	-0.809642	85.568619	0.109244	0.079884	1.7
400	-0.719880	85.196078	0.109627	0.042593	1.7
401	-0.712440	84.823541	0.110013	0.017652	1.8
402	-0.772962	84.544076	0.110305	0.045653	1.8
403	-0.772536	84.191603	0.110674	0.077990	1.5
404	-0.711200	84.631186	0.110214	0.008699	2.6
405	-0.746419	85.093351	0.109734	0.038682	1.5
406	-0.697921	84.852798	0.109983	0.055410	1.8
407	-0.700852	85.836772	0.108970	0.121564	1.8
408	-0.722327	85.464231	0.109351	0.058270	1.6
409	-0.713702	86.464223	0.108334	0.034126	1.9
410	-0.721135	86.091814	0.108710	0.057885	1.9
411	-0.775548	86.204264	0.108596	0.082956	1.7
412	-0.716563	87.203623	0.107593	0.060854	2.0
413	-0.722600	86.831082	0.107965	0.017151	2.0
414	-0.802988	86.466767	0.108331	0.031596	1.6
415	-0.724413	86.139822	0.108662	0.105389	1.8
416	-0.799621	87.139784	0.107657	0.035130	2.0
417	-0.777847	88.139691	0.106671	0.031647	1.7
418	-0.759018	88.973460	0.105862	0.096535	1.7
419	-0.773216	88.600920	0.106222	0.057730	1.9
420	-0.803825	88.228378	0.106584	0.065315	1.9
421	-0.713222	89.228378	0.105617	0.193945	1.7
422	-0.694690	88.855837	0.105975	0.079807	1.5
423	-0.772370	89.855837	0.105019	0.089842	1.8
424	-0.713655	89.483295	0.105373	0.023291	1.5
425	-0.693037	90.481283	0.104430	0.060718	2.2
426	-0.656421	91.446185	0.103534	0.034211	1.5
427	-0.767326	91.293481	0.103675	0.063162	1.8
428	-0.756234	90.921143	0.104020	0.023173	1.6
429	-0.735633	90.550534	0.104365	0.024059	1.7
430	-0.740293	90.372249	0.104532	0.068289	1.9
431	-0.759363	90.598897	0.104320	0.072885	1.8
432	-0.781249	90.226356	0.104669	0.062735	1.8
433	-0.684771	91.226356	0.103737	0.079834	1.7
434	-0.794465	92.226356	0.102821	0.040826	1.7
435	-0.731439	91.853817	0.103160	0.110704	1.5
436	-0.733636	91.481276	0.103502	0.046702	1.8
437	-0.742544	92.478254	0.102592	0.109210	1.6
438	-0.752211	92.105721	0.102930	0.086032	1.5
439	-0.742612	93.105685	0.102028	0.111085	1.7
440	-0.774117	92.733144	0.102362	0.068854	2.0
441	-0.733064	92.360603	0.102699	0.031780	2.7
442	-0.778449	91.988095	0.103037	0.035751	2.3
443	-0.711308	91.619503	0.103375	0.163926	3.1
444	-0.750388	92.619503	0.102465	0.021366	3.0
445	-0.745129	92.246973	0.102802	0.010043	1.5
446	-0.793810	92.500946	0.102572	0.054424	1.8
447	-0.740325	92.253974	0.102796	0.017663	1.8
448	-0.770574	91.943066	0.103078	0.039175	1.5
449	-0.747672	92.406101	0.102658	0.018773	1.4
450	-0.711836	92.983294	0.102138	0.067709	1.8
451	-0.764133	93.912690	0.101312	0.064672	1.9
452	-0.767274	94.881554	0.100465	0.102963	2.5
453	-0.763514	95.881554	0.099605	0.052018	1.8
454	-0.718127	96.881554	0.098760	0.039438	1.6
455	-0.757667	97.872293	0.097937	0.022623	1.6
456	-0.719891	97.704151	0.098076	0.045272	1.7
457	-0.776815	97.498385	0.098246	0.060797	1.6
458	-0.770629	97.125989	0.098556	0.055288	1.8
459	-0.780093	96.753455	0.098868	0.075178	1.5
460	-0.708270	96.380914	0.099181	0.051332	1.4
461	-0.786674	97.380678	0.098344	0.033007	1.9
462	-0.770257	97.011471	0.098651	0.043051	1.8
463	-0.752183	97.992999	0.097838	0.086841	1.8
464	-0.785490	98.992994	0.097022	0.041575	1.6
465	-0.745123	99.991201	0.096222	0.043670	1.4
466	-0.687699	99.628927	0.096511	0.012699	1.9
467	-0.750518	100.083417	0.096149	0.052296	2.0
468	-0.780920	99.786016	0.096385	0.010743	1.9
469	-0.766346	99.731930	0.096429	0.046333	1.7
470	-0.780452	99.562687	0.096564	0.031218	1.8
471	-0.733520	99.255792	0.096810	0.015944	2.1
472	-0.741437	98.957452	0.097051	0.064903	1.5
473	-0.781503	99.084678	0.096948	0.107306	1.5
474	-0.769796	100.084678	0.096148	0.037930	1.5
475	-0.725392	101.084671	0.095360	0.025047	1.7
476	-0.739504	100.720075	0.095646	0.086999	1.8
477	-0.776662	101.713898	0.094871	0.020661	1.8
478	-0.743016	101.372506	0.095136	0.023514	1.5
479	-0.750474	101.728407	0.094860	0.070751	1.5
480	-0.767085	101.356330	0.095148	0.135499	1.5
481	-0.724084	102.356330	0.094377	0.171233	1.6
482	-0.763612	103.356330	0.093618	0.035015	1.8
483	-0.760250	102.983980	0.093899	0.048817	1.9
484	-0.735662	102.681131	0.094129	0.016221	1.8
485	-0.770125	102.344382	0.094386	0.034381	1.5
486	-0.740780	102.480072	0.094282	0.082211	1.7
487	-0.774769	103.480018	0.093525	0.114782	1.8
488	-0.764464	103.107477	0.093806	0.047663	1.5
489	-0.721549	104.107477	0.093056	0.026481	1.9
490	-0.786538	105.056280	0.092356	0.013660	1.5
491	-0.790404	105.295566	0.092181	0.066967	2.0
492	-0.778515	105.925243	0.091723	0.081024	1.5
493	-0.785981	105.552712	0.091993	0.028967	1.7
494	-0.778988	105.182224	0.092263	0.044166	1.8
495	-0.769542	105.954008	0.091703	0.057117	1.9
496	-0.745956	105.581480	0.091972	0.044553	2.2
497	-0.812336	105.209394	0.092244	0.147889	2.2
498	-0.765271	106.209394	0.091518	0.052148	2.7
499	-0.619622	107.209394	0.090805	0.008648	2.6
500	-0.769347	107.799335	0.090389	0.019449	2.3
501	-0.794605	107.646480	0.090496	0.090226	4.1
502	-0.805491	108.644093	0.089800	0.043714	1.8
503	-0.749268	109.607520	0.089137	0.098460	1.7
504	-0.705747	109.234980	0.089392	0.142800	1.7
505	-0.745621	110.234980	0.088711	0.071531	1.4
506	-0.799745	109.862439	0.088964	0.069248	1.8
507	-0.772084	110.862439	0.088289	0.018003	1.8
508	-0.698371	110.682015	0.088410	0.078170	2.4
509	-0.791580	110.394192	0.088604	0.022901	2.5
510	-0.710342	110.026727	0.088852	0.101878	1.6
511	-0.744292	109.654713	0.089105	0.014913	1.8
512	-0.743330	110.629724	0.088445	0.046899	1.6
513	-0.689476	110.418234	0.088587	0.031789	1.7
514	-0.740133	111.409940	0.087924	0.067603	1.7
515	-0.714940	112.409113	0.087265	0.079961	1.7
516	-0.719096	113.409113	0.086616	0.012708	1.7
517	-0.694388	113.470992	0.086576	0.069518	2.0
518	-0.684868	113.414526	0.086613	0.055043	1.8
519	-0.779609	113.041985	0.086853	0.087493	1.5
520	-0.752903	112.669444	0.087095	0.034820	1.5
521	-0.731219	113.667099	0.086450	0.067545	1.6
522	-0.751071	113.295004	0.086690	0.096186	1.5
523	-0.828755	114.295004	0.086049	0.059018	1.6
524	-0.691939	114.411667	0.085975	0.044079	1.7
525	-0.716440	114.215343	0.086100	0.159010	1.7
526	-0.730896	113.842802	0.086338	0.106565	1.7
527	-0.711267	114.842802	0.085702	0.065560	1.8
528	-0.808479	114.470261	0.085938	0.108488	1.7
529	-0.800274	114.097720	0.086175	0.021972	1.5
530	-0.729734	114.919411	0.085654	0.063062	1.4
531	-0.746361	114.942941	0.085639	0.010140	1.9
532	-0.763412	114.606278	0.085851	0.025588	2.1
533	-0.774107	114.679646	0.085805	0.081354	1.6
534	-0.731497	115.591882	0.085232	0.057374	1.7
535	-0.709088	115.219341	0.085465	0.028762	1.9
536	-0.722813	116.216761	0.084844	0.076804	1.9
537	-0.750605	115.844265	0.085075	0.037929	1.5
538	-0.696370	116.844203	0.084458	0.088310	1.5
539	-0.768428	117.844122	0.083849	0.169453	1.7
540	-0.788229	118.844122	0.083250	0.051916	1.6
541	-0.732212	119.844122	0.082659	0.054654	1.7
542	-0.792908	119.471665	0.082878	0.037301	1.5
543	-0.718380	120.219643	0.082439	0.027357	1.7
544	-0.732542	119.897291	0.082628	0.036040	1.9
545	-0.754465	119.543608	0.082836	0.020861	1.5
546	-0.733108	119.407411	0.082916	0.076328	1.7
547	-0.752798	119.484464	0.082870	0.032840	1.8
548	-0.737933	119.113285	0.083090	0.025068	3.3
549	-0.662429	119.222712	0.083025	0.020361	2.5
550	-0.754451	119.497686	0.082863	0.031558	3.8
551	-0.731196	119.325628	0.082964	0.062597	2.1
552	-0.729433	120.212899	0.082443	0.022280	1.7
553	-0.792434	119.950634	0.082596	0.075884	17.7
554	-0.790119	120.601179	0.082217	0.008619	1.8
555	-0.782555	120.397217	0.082335	0.035350	1.5
556	-0.799298	120.391896	0.082339	0.020172	1.6
557	-0.766871	120.050701	0.082538	0.021954	1.7
558	-0.765557	119.987296	0.082575	0.061298	2.1
559	-0.751259	119.624352	0.082788	0.052790	1.7
560	-0.711194	119.251820	0.083008	0.020790	1.5
561	-0.729633	120.213422	0.082443	0.044954	2.0
562	-0.781119	121.137174	0.081907	0.024978	1.5
563	-0.721471	121.395668	0.081758	0.027060	1.6
564	-0.752571	121.088390	0.081935	0.032763	1.5
565	-0.710698	120.905256	0.082041	0.023125	1.7
566	-0.673563	120.714230	0.082151	0.064110	1.8
567	-0.727390	120.343538	0.082367	0.026172	1.9
568	-0.766714	119.971362	0.082584	0.026778	1.9
569	-0.747918	120.612294	0.082210	0.018818	1.8
570	-0.717975	121.077157	0.081941	0.008250	1.6
571	-0.744562	121.247525	0.081843	0.050292	1.5
572	-0.791413	121.751744	0.081554	0.029117	1.6
573	-0.760281	121.854122	0.081496	0.021775	1.5
574	-0.742227	121.522146	0.081686	0.119720	1.8
575	-0.767738	121.289000	0.081819	0.059457	1.8
576	-0.677269	122.289000	0.081248	0.024846	2.0
577	-0.793026	123.123592	0.080778	0.057248	1.9
578	-0.811832	123.943163	0.080321	0.107279	1.6
579	-0.835064	124.943163	0.079771	0.046274	1.5
580	-0.762861	125.943158	0.079228	0.045657	1.4
581	-0.768947	126.631373	0.078859	0.016807	1.8
582	-0.745854	126.590612	0.078880	0.014061	1.8
583	-0.715799	126.501086	0.078928	0.088196	1.6
584	-0.722226	127.337348	0.078483	0.017377	1.5
585	-0.760361	128.313777	0.077970	0.122512	1.8
586	-0.818069	129.310711	0.077453	0.012967	1.6
587	-0.759740	130.174157	0.077011	0.029052	1.5
588	-0.783939	129.981029	0.077109	0.083087	1.5
589	-0.783548	129.608593	0.077300	0.038444	1.4
590	-0.757777	130.608586	0.076790	0.115499	1.5
591	-0.700102	130.236045	0.076979	0.020913	1.5
592	-0.778503	129.955163	0.077122	0.039562	1.8
593	-0.774855	129.864312	0.077169	0.034743	2.0
594	-0.723413	129.510473	0.077350	0.121889	2.4
595	-0.716011	130.510473	0.076840	0.053254	2.3
596	-0.763846	131.510473	0.076336	0.027072	2.8
597	-0.716924	131.148548	0.076517	0.051221	1.8
598	-0.758822	132.122367	0.076031	0.016394	1.6
599	-0.789272	132.797320	0.075697	0.155297	1.8
600	-0.722876	132.426515	0.075880	0.032980	2.7
601	-0.777598	132.053973	0.076065	0.032383	1.6
602	-0.721588	132.789101	0.075701	0.036984	1.7
603	-0.747485	132.593536	0.075797	0.121171	1.5
604	-0.764551	132.223190	0.075981	0.116549	1.4
605	-0.670620	133.223190	0.075488	0.028405	1.6
606	-0.736033	134.223170	0.075002	0.022644	1.6
607	-0.782006	134.225226	0.075001	0.045846	1.7
608	-0.720832	133.863778	0.075176	0.028814	1.6
609	-0.745682	134.852032	0.074699	0.057428	1.7
610	-0.722616	134.855882	0.074697	0.108224	1.5
611	-0.739065	134.748131	0.074749	0.064672	1.5
612	-0.703505	135.748131	0.074272	0.050881	2.0
613	-0.748128	136.747801	0.073801	0.059253	1.7
614	-0.820046	137.747788	0.073336	0.043752	1.7
615	-0.803519	138.747673	0.072877	0.109581	1.8
616	-0.787770	139.747672	0.072424	0.034606	1.8
617	-0.780876	139.386166	0.072587	0.041527	2.4
618	-0.797208	139.275672	0.072637	0.028955	1.8
619	-0.728965	139.068630	0.072731	0.022319	1.6
620	-0.790383	138.748288	0.072877	0.064305	1.6
621	-0.731526	138.681026	0.072908	0.077614	1.7
622	-0.772846	139.681026	0.072454	0.029788	1.6
623	-0.780061	139.308731	0.072622	0.011239	1.8
624	-0.718733	139.606560	0.072488	0.037431	1.5
625	-0.780277	140.161613	0.072238	0.060258	1.5
626	-0.733424	141.160985	0.071793	0.025149	1.8
627	-0.748589	140.804803	0.071951	0.063270	1.7
628	-0.814589	141.743511	0.071536	0.046128	1.5
629	-0.721250	142.743462	0.071099	0.048687	1.5
630	-0.802897	142.370948	0.071261	0.035878	1.9
631	-0.770080	142.000160	0.071423	0.036388	1.6
632	-0.725409	142.912783	0.071026	0.027048	1.6
633	-0.743795	143.794925	0.070645	0.121764	1.9
634	-0.749621	144.794923	0.070219	0.034657	1.5
635	-0.720826	145.782614	0.069803	0.010566	1.8
636	-0.791319	145.724946	0.069828	0.055589	1.6
637	-0.742643	145.626551	0.069869	0.087370	1.5
638	-0.722771	146.585474	0.069469	0.103886	1.5
639	-0.754172	146.212933	0.069624	0.025332	1.8
640	-0.741589	145.840927	0.069779	0.038795	1.6
641	-0.765304	145.482193	0.069929	0.063047	1.7
642	-0.758472	145.109665	0.070086	0.170717	1.6
643	-0.693820	144.737123	0.070244	0.038404	1.7
644	-0.739483	145.182185	0.070056	0.066902	1.7
645	-0.710500	145.944645	0.069736	0.020947	1.5
646	-0.742867	146.203449	0.069628	0.035737	1.9
647	-0.731155	145.894074	0.069757	0.101292	1.7
648	-0.764332	145.521534	0.069913	0.072283	1.8
649	-0.844901	146.521533	0.069496	0.076795	2.1
650	-0.816084	146.149008	0.069650	0.138434	2.2
651	-0.746462	147.149008	0.069236	0.079447	2.9
652	-0.755068	148.149008	0.068827	0.019622	2.3
653	-0.766555	148.926018	0.068512	0.042571	1.8
654	-0.712273	148.824522	0.068553	0.055257	1.8
655	-0.779749	149.823463	0.068152	0.075475	1.5
656	-0.790399	149.554282	0.068260	0.018407	1.5
657	-0.760242	149.188826	0.068406	0.061060	1.7
658	-0.759403	148.838517	0.068547	0.030759	1.9
659	-0.831015	149.683884	0.068208	0.022116	1.5
660	-0.784362	149.872187	0.068133	0.032285	2.6
661	-0.721006	150.688318	0.067809	0.050973	1.5
662	-0.806556	150.324631	0.067953	0.033815	1.8
663	-0.821235	151.285925	0.067574	0.148381	1.5
664	-0.730581	150.913384	0.067720	0.019558	2.1
665	-0.813088	151.913268	0.067329	0.033535	1.5
666	-0.767342	152.667660	0.067036	0.031584	1.5
667	-0.786894	153.548321	0.066698	0.088076	1.5
668	-0.751526	154.548270	0.066318	0.010372	1.8
669	-0.775178	154.189404	0.066454	0.068141	1.5
670	-0.738594	153.946962	0.066546	0.052951	1.5
671	-0.805647	153.574422	0.066688	0.024347	1.7
672	-0.796401	154.558911	0.066314	0.066442	1.7
673	-0.757351	154.187310	0.066455	0.064459	1.4
674	-0.738326	153.814769	0.066596	0.021938	1.8
675	-0.738177	154.805800	0.066221	0.055488	1.5
676	-0.773179	154.441876	0.066358	0.012185	1.9
677	-0.791511	155.255240	0.066052	0.082249	2.0
678	-0.717612	154.892512	0.066188	0.037822	1.5
679	-0.772332	155.892069	0.065814	0.016648	1.7
680	-0.711630	156.002348	0.065773	0.015963	2.0
681	-0.729993	155.894356	0.065813	0.033599	1.5
682	-0.788995	156.394695	0.065628	0.023402	1.7
683	-0.730338	156.941739	0.065426	0.042895	1.8
684	-0.777306	157.876629	0.065084	0.011081	1.5
685	-0.793847	158.329751	0.064920	0.046007	1.5
686	-0.740874	158.994985	0.064680	0.071769	1.6
687	-0.708262	158.622448	0.064814	0.050773	1.8
688	-0.758255	158.249906	0.064948	0.065177	1.9
689	-0.801963	157.877366	0.065084	0.024673	1.8
690	-0.766774	158.870399	0.064724	0.031318	1.8
691	-0.763444	158.925239	0.064705	0.048912	1.8
692	-0.757598	159.192544	0.064609	0.079599	1.5
693	-0.685470	160.192544	0.064252	0.044532	1.4
694	-0.743841	159.820051	0.064384	0.100000	1.6
695	-0.746461	159.447510	0.064517	0.041614	1.5
696	-0.708283	159.074969	0.064651	0.094980	2.0
697	-0.749483	160.074969	0.064294	0.032289	1.5
698	-0.736367	159.718975	0.064420	0.027362	1.7
699	-0.762841	160.065641	0.064297	0.079751	1.7
700	-0.708769	161.008352	0.063964	0.017272	1.7
701	-0.790554	161.084312	0.063937	0.019409	1.5
702	-0.759221	160.972399	0.063977	0.017809	1.7
703	-0.707209	160.712987	0.064068	0.147032	1.9
704	-0.710596	160.340534	0.064200	0.055889	2.0
705	-0.718610	159.967993	0.064332	0.020134	2.7
706	-0.792310	159.613588	0.064458	0.043007	2.3
707	-0.663053	159.256897	0.064586	0.056916	2.8
708	-0.710669	158.884572	0.064719	0.043942	2.9
709	-0.790243	158.512041	0.064854	0.038623	2.6
710	-0.700794	158.149202	0.064985	0.076183	2.1
711	-0.715306	159.149105	0.064624	0.113392	1.7
712	-0.802864	160.149105	0.064267	0.142693	1.6
713	-0.766132	161.149105	0.063915	0.025182	1.5
714	-0.766730	162.149095	0.063566	0.069889	1.7
715	-0.747359	161.815449	0.063682	0.038578	1.7
716	-0.801040	162.798174	0.063341	0.031847	2.1
717	-0.703317	162.506141	0.063442	0.095028	2.3
718	-0.659786	162.133606	0.063571	0.014948	2.2
719	-0.765714	163.065867	0.063249	0.043269	1.6
720	-0.776933	162.728629	0.063365	0.037497	1.7
721	-0.719949	163.708267	0.063029	0.059912	1.6
722	-0.736115	163.335769	0.063156	0.056323	1.7
723	-0.788539	164.335707	0.062816	0.047726	1.8
724	-0.785744	163.963199	0.062942	0.080375	1.8
725	-0.798077	164.963199	0.062604	0.150130	1.5
726	-0.685973	164.590658	0.062729	0.039107	1.8
727	-0.734467	165.590658	0.062393	0.057054	1.6
728	-0.783472	165.218215	0.062518	0.021430	1.5
729	-0.725465	166.127249	0.062214	0.046742	2.0
730	-0.745897	165.770862	0.062333	0.071778	1.6
731	-0.772616	165.398322	0.062458	0.160160	1.7
732	-0.695879	165.025781	0.062583	0.041363	1.9
733	-0.718465	164.653240	0.062708	0.025504	1.7
734	-0.784780	165.099733	0.062558	0.188580	2.0
735	-0.793655	165.964568	0.062268	0.029090	1.5
736	-0.760461	165.592470	0.062393	0.013613	1.5
737	-0.726948	165.641841	0.062376	0.052652	1.6
738	-0.721833	165.368046	0.062468	0.058514	1.7
739	-0.765369	164.995508	0.062593	0.050446	1.5
740	-0.775407	165.420846	0.062450	0.099596	1.6
741	-0.745089	165.126116	0.062549	0.031918	1.8
742	-0.768810	166.125032	0.062215	0.034182	17.2
743	-0.724231	166.963177	0.061938	0.012050	1.5
744	-0.740028	166.677073	0.062032	0.099843	1.8
745	-0.724197	167.616355	0.061723	0.019248	1.8
746	-0.748083	168.612027	0.061399	0.036302	2.0
747	-0.752444	168.271663	0.061509	0.060194	1.7
748	-0.764062	169.271147	0.061186	0.033434	1.8
749	-0.810949	169.860118	0.060998	0.012827	1.8
750	-0.770138	170.275275	0.060865	0.055007	1.7
751	-0.747663	170.640760	0.060749	0.044276	2.2
752	-0.719258	170.268253	0.060867	0.078451	2.5
753	-0.773899	169.895712	0.060986	0.072989	2.4
754	-0.713011	170.895712	0.060668	0.035409	2.2
755	-0.757200	170.523250	0.060786	0.029338	1.5
756	-0.729041	170.163673	0.060901	0.016270	1.7
757	-0.819764	169.853294	0.061000	0.047145	2.2
758	-0.777725	170.520663	0.060787	0.114124	1.8
759	-0.828523	170.148122	0.060906	0.075275	2.6
760	-0.746467	171.148122	0.060589	0.048649	2.0
761	-0.777600	172.148121	0.060275	0.081314	1.7
762	-0.800188	171.775606	0.060391	0.029855	1.5
763	-0.736583	171.408265	0.060507	0.180111	1.7
764	-0.808548	172.408264	0.060194	0.045729	1.7
765	-0.772527	173.408264	0.059884	0.108651	1.7
766	-0.708485	173.035723	0.059999	0.029783	1.5
767	-0.759357	172.663460	0.060115	0.030578	1.8
768	-0.678289	172.490360	0.060168	0.012007	1.7
769	-0.751742	172.336863	0.060216	0.118409	1.7
770	-0.711182	171.970562	0.060330	0.119627	1.9
771	-0.734952	172.970562	0.060019	0.063889	1.5
772	-0.718330	172.598021	0.060135	0.051797	1.7
773	-0.766777	172.236200	0.060248	0.031905	1.8
774	-0.820236	172.105715	0.060288	0.102615	1.8
775	-0.749787	171.739117	0.060403	0.091149	1.7
776	-0.686167	172.739117	0.060091	0.077505	2.1
777	-0.782225	172.366576	0.060207	0.053183	2.0
778	-0.803051	173.366576	0.059897	0.067084	1.6
779	-0.793612	172.994035	0.060012	0.050880	1.7
780	-0.713188	173.994028	0.059704	0.069741	2.2
781	-0.791069	174.992875	0.059400	0.060899	1.8
782	-0.783357	175.992875	0.059099	0.048385	1.7
783	-0.725569	176.992853	0.058800	0.072820	1.5
784	-0.727956	177.992852	0.058505	0.050845	1.8
785	-0.736307	178.992852	0.058212	0.131529	1.5
786	-0.786203	179.992852	0.057922	0.047749	1.7
787	-0.776751	180.992852	0.057636	0.044561	1.6
788	-0.740346	180.620478	0.057742	0.020176	17.0
789	-0.729788	181.552205	0.057477	0.048117	1.8
790	-0.714682	181.383950	0.057524	0.043675	1.7
791	-0.739629	182.381915	0.057242	0.154856	1.7
792	-0.783622	182.009374	0.057347	0.097543	1.7
793	-0.764363	183.009374	0.057066	0.137244	1.8
794	-0.725601	184.009374	0.056788	0.055326	1.5
795	-0.755333	185.009374	0.056512	0.014890	1.6
796	-0.793918	184.928502	0.056534	0.115459	1.5
797	-0.743336	185.705743	0.056322	0.080375	2.3
798	-0.768262	185.333202	0.056423	0.033804	2.3
799	-0.727970	186.333165	0.056151	0.021881	3.0
800	-0.781633	186.652122	0.056065	0.077893	2.4
801	-0.746386	186.319360	0.056155	0.015562	2.7
802	-0.718689	187.113920	0.055941	0.074568	2.0
803	-0.769315	188.024984	0.055697	0.053066	1.7
804	-0.729393	189.024494	0.055432	0.109599	1.8
805	-0.688742	190.024494	0.055169	0.108423	1.7
806	-0.806875	189.651953	0.055267	0.102651	1.7
807	-0.749028	189.279412	0.055364	0.014940	2.1
808	-0.763970	189.848133	0.055215	0.052536	1.6
809	-0.714696	190.673467	0.055000	0.060564	2.5
810	-0.817985	191.536669	0.054776	0.059728	1.8
811	-0.768488	192.536663	0.054520	0.024292	1.6
812	-0.767902	192.275617	0.054587	0.075576	1.5
813	-0.720830	192.037650	0.054648	0.032364	1.5
814	-0.813608	191.665241	0.054743	0.090595	1.5
815	-0.788552	192.663840	0.054487	0.032160	1.7
816	-0.737040	192.291901	0.054582	0.117664	1.5
817	-0.749380	193.291852	0.054328	0.094605	1.9
818	-0.722606	192.919311	0.054422	0.012085	2.1
819	-0.765290	193.870761	0.054181	0.032187	1.6
820	-0.703781	193.629654	0.054242	0.006899	1.5
821	-0.766671	193.511462	0.054272	0.037661	1.5
822	-0.767156	193.338355	0.054316	0.075335	1.8
823	-0.716849	192.965816	0.054411	0.098312	1.7
824	-0.771505	192.593275	0.054505	0.052054	1.5
825	-0.740658	193.593275	0.054251	0.061252	1.5
826	-0.813325	193.220735	0.054346	0.101431	1.7
827	-0.691872	192.848193	0.054440	0.126161	1.7
828	-0.731702	192.475652	0.054535	0.132798	1.5
829	-0.722759	192.103111	0.054631	0.088222	1.4
830	-0.685333	193.103111	0.054376	0.078374	1.8
831	-0.740120	192.730570	0.054470	0.015951	1.6
832	-0.753039	192.362043	0.054565	0.049350	1.7
833	-0.731895	192.012723	0.054654	0.041262	1.8
834	-0.711404	193.008818	0.054400	0.116074	1.8
835	-0.735936	194.008818	0.054147	0.052319	1.5
836	-0.779448	195.008818	0.053896	0.036487	1.7
837	-0.729478	194.636573	0.053989	0.080617	1.6
838	-0.767399	195.635941	0.053740	0.130903	1.8
839	-0.762522	196.635941	0.053493	0.026459	1.8
840	-0.749137	197.633617	0.053249	0.039968	1.7
841	-0.725178	198.598413	0.053015	0.066091	1.7
842	-0.738307	198.997038	0.052919	0.016329	1.7
843	-0.730229	199.906986	0.052701	0.031917	2.3
844	-0.791659	200.568820	0.052543	0.033750	1.6
845	-0.754835	200.203706	0.052630	0.067731	1.9
846	-0.770922	199.831226	0.052719	0.018656	1.7
847	-0.760883	199.466635	0.052806	0.028876	1.8
848	-0.786543	199.262946	0.052855	0.027485	1.4
849	-0.783914	199.733594	0.052742	0.058497	1.6
850	-0.788719	199.361611	0.052831	0.036766	1.5
851	-0.781199	199.451790	0.052810	0.027669	2.0
852	-0.781760	199.378329	0.052827	0.018659	2.4
853	-0.725129	199.298916	0.052846	0.020239	2.2
854	-0.738775	199.046108	0.052907	0.038489	2.5
855	-0.765445	199.884349	0.052706	0.003568	2.0
856	-0.721637	199.976457	0.052684	0.069679	1.8
857	-0.715262	200.132181	0.052647	0.035633	2.0
858	-0.766995	199.789620	0.052729	0.051635	1.8
859	-0.755312	200.740925	0.052503	0.018522	2.6
860	-0.752984	200.487918	0.052563	0.045637	1.6
861	-0.719136	200.339868	0.052598	0.047968	2.1
862	-0.730228	201.337849	0.052362	0.025110	1.7
863	-0.730955	202.022416	0.052201	0.099168	1.5
864	-0.713926	203.000031	0.051973	0.049953	2.0
865	-0.681072	204.000031	0.051742	0.036336	1.6
866	-0.739276	203.717476	0.051807	0.141296	1.8
867	-0.778623	203.345786	0.051893	0.056605	1.8
868	-0.775207	204.345786	0.051663	0.026430	1.7
869	-0.809257	204.944510	0.051526	0.119630	1.6
870	-0.796790	204.571971	0.051611	0.034564	1.7
871	-0.833589	204.199480	0.051696	0.102520	2.0
872	-0.792098	203.826970	0.051782	0.028931	1.5
873	-0.715994	203.454436	0.051868	0.032626	2.0
874	-0.724031	203.097356	0.051951	0.045410	1.7
875	-0.749235	203.763409	0.051797	0.070735	1.8
876	-0.726469	203.390868	0.051883	0.045455	1.6
877	-0.805943	203.210598	0.051924	0.025192	1.7
878	-0.737672	204.174317	0.051702	0.088220	1.6
879	-0.724663	203.812234	0.051785	0.019939	1.4
880	-0.676037	204.805903	0.051558	0.042691	1.6
881	-0.699018	205.094526	0.051492	0.097960	1.5
882	-0.785119	204.857109	0.051546	0.066220	1.9
883	-0.758793	204.484567	0.051631	0.126791	1.8
884	-0.792291	205.484567	0.051403	0.035163	1.5
885	-0.726136	205.112026	0.051488	0.037280	1.5
886	-0.749479	206.091335	0.051266	0.056222	1.6
887	-0.776925	205.719043	0.051350	0.129522	1.5
888	-0.777514	205.346501	0.051434	0.026500	1.7
889	-0.736852	204.974122	0.051519	0.027986	1.7
890	-0.735240	204.732042	0.051574	0.037151	2.2
891	-0.741802	204.616688	0.051601	0.033206	1.6
892	-0.789981	204.661478	0.051591	0.046270	1.5
893	-0.766676	205.626631	0.051371	0.046500	1.8
894	-0.790944	206.624045	0.051146	0.139879	1.5
895	-0.748815	207.624045	0.050922	0.013613	1.7
896	-0.741551	207.251652	0.051005	0.085673	1.5
897	-0.769175	208.220863	0.050789	0.058899	1.4
898	-0.739194	209.220863	0.050569	0.110790	2.1
899	-0.770455	210.220863	0.050350	0.060568	1.6
900	-0.778296	211.220863	0.050133	0.044809	1.5
901	-0.761608	210.848326	0.050214	0.062825	1.7
902	-0.764432	210.475788	0.050295	0.012483	1.5
903	-0.749854	211.256032	0.050126	0.015275	1.9
904	-0.772495	211.419243	0.050091	0.021992	1.5
905	-0.771541	211.157020	0.050147	0.078071	1.5
906	-0.743388	210.784737	0.050228	0.045964	1.8
907	-0.763004	210.412210	0.050308	0.008550	2.3
908	-0.722880	210.931544	0.050196	0.026177	2.2
909	-0.764603	210.884402	0.050206	0.043187	2.9
910	-0.713349	211.850693	0.049998	0.096332	3.3
911	-0.720831	211.478152	0.050078	0.015327	2.8
912	-0.745197	211.290824	0.050118	0.051530	2.9
913	-0.754075	211.612213	0.050049	0.023436	1.9
914	-0.766141	211.250490	0.050127	0.097266	1.7
915	-0.775731	212.250114	0.049912	0.036095	2.1
916	-0.684864	211.877584	0.049992	0.154996	1.7
917	-0.784351	212.877580	0.049778	0.072349	1.8
918	-0.806413	212.505039	0.049858	0.136917	1.6
919	-0.800379	213.505039	0.049645	0.042717	2.0
920	-0.729641	214.505039	0.049434	0.033758	2.0
921	-0.818027	215.466482	0.049233	0.025214	1.7
922	-0.815704	216.382383	0.049043	0.045781	1.5
923	-0.788410	216.023807	0.049117	0.067401	2.1
924	-0.727771	215.651270	0.049195	0.005361	1.9
925	-0.777232	215.482588	0.049230	0.097481	1.5
926	-0.766396	215.197417	0.049289	0.031355	1.5
927	-0.696497	214.824882	0.049367	0.028120	1.8
928	-0.748177	215.715926	0.049181	0.082163	1.5
929	-0.778823	216.715586	0.048974	0.113248	1.7
930	-0.726433	217.715586	0.048769	0.146742	1.8
931	-0.735975	217.343045	0.048846	0.034116	2.1
932	-0.791939	218.343045	0.048641	0.067795	1.5
933	-0.803364	219.285942	0.048451	0.055316	1.7
934	-0.738276	218.913401	0.048526	0.029177	1.9
935	-0.731564	218.614016	0.048586	0.036271	2.0
936	-0.774085	219.429009	0.048422	0.082700	1.5
937	-0.772964	219.095746	0.048489	0.071216	1.5
938	-0.754517	220.095746	0.048288	0.024014	1.7
939	-0.720784	219.746414	0.048358	0.016123	1.6
940	-0.800650	219.774607	0.048352	0.028469	2.0
941	-0.721090	219.553782	0.048397	0.102339	1.8
942	-0.742487	219.775621	0.048352	0.008443	1.6
943	-0.741451	219.446236	0.048418	0.054535	1.7
944	-0.704747	219.207341	0.048466	0.023807	1.8
945	-0.843455	218.836668	0.048541	0.082036	1.7
946	-0.786234	218.464441	0.048617	0.070124	1.7
947	-0.721666	218.091900	0.048693	0.035072	1.9
948	-0.673376	217.719394	0.048769	0.016068	1.8
949	-0.722018	217.451004	0.048823	0.026040	1.5
950	-0.718409	217.408325	0.048832	0.037338	1.8
951	-0.760541	218.315696	0.048647	0.074511	1.7
952	-0.752545	217.943174	0.048723	0.090127	1.9
953	-0.748776	218.943174	0.048520	0.081273	1.5
954	-0.706699	218.570632	0.048595	0.025328	1.5
955	-0.823424	219.566694	0.048394	0.080974	1.7
956	-0.761267	219.224589	0.048463	0.035172	1.8
957	-0.763150	220.224037	0.048262	0.060390	1.5
958	-0.768690	219.851792	0.048337	0.016990	1.5
959	-0.777090	219.992330	0.048309	0.077237	2.5
960	-0.755677	219.902940	0.048327	0.089652	2.2
961	-0.775337	219.530399	0.048401	0.067843	2.7
962	-0.733378	219.157858	0.048476	0.043526	2.4
963	-0.777299	218.785321	0.048552	0.043246	2.0
964	-0.811728	218.423637	0.048625	0.041642	1.9
965	-0.766748	218.472935	0.048615	0.068521	1.8
966	-0.803013	219.472888	0.048413	0.079794	2.7
967	-0.798276	219.100347	0.048488	0.065764	1.9
968	-0.745952	218.727806	0.048563	0.098727	1.8
969	-0.716049	219.727806	0.048362	0.066321	1.5
970	-0.716364	219.355265	0.048437	0.014428	2.0
971	-0.731753	219.721709	0.048363	0.018100	1.5
972	-0.748833	219.746558	0.048358	0.023963	1.6
973	-0.769071	220.297388	0.048248	0.128577	1.6
974	-0.750816	219.924863	0.048322	0.035132	1.9
975	-0.809515	220.924863	0.048122	0.058326	1.7
976	-0.710422	220.552466	0.048197	0.089553	1.8
977	-0.789463	221.552429	0.047998	0.132041	1.6
978	-0.747307	221.179888	0.048072	0.029818	1.5
979	-0.748779	222.179887	0.047874	0.085575	1.6
980	-0.754949	223.179595	0.047678	0.046298	1.4
981	-0.735872	222.807054	0.047751	0.026558	1.6
982	-0.807253	222.507527	0.047810	0.070641	1.7
983	-0.770075	222.144341	0.047881	0.032726	1.9
984	-0.729866	223.138608	0.047686	0.041149	1.5
985	-0.708608	223.783832	0.047560	0.022836	1.4
986	-0.762527	224.599856	0.047402	0.121970	1.7
987	-0.766577	225.345806	0.047259	0.059910	1.7
988	-0.808312	224.973265	0.047330	0.083204	1.8
989	-0.762801	225.973258	0.047139	0.034951	1.8
990	-0.764476	226.972689	0.046949	0.156879	2.0
991	-0.837341	226.600171	0.047019	0.047604	2.0
992	-0.733100	227.600171	0.046830	0.020498	1.5
993	-0.767525	228.426977	0.046675	0.048378	1.5
994	-0.786498	229.240671	0.046523	0.038213	1.5
995	-0.836635	230.239621	0.046338	0.053101	1.6
996	-0.754894	229.867272	0.046407	0.035398	1.7
997	-0.745562	230.857365	0.046225	0.108511	2.0
998	-0.799827	230.484824	0.046293	0.057886	1.5
999	-0.784376	231.484824	0.046110	0.202425	1.5
