1:ItNr	2:Metric	3a:Time	3b:StepSize	4:||Gradient||	Time[ms]
0	-0.536616	0.000000	0.362244	0.120262	836.5
1	-0.652167	0.000000	0.362244	0.024998	2.1
2	-0.559576	0.000000	0.362244	0.151036	1.8
3	-0.619298	0.999356	0.345788	0.082666	1.6
4	-0.618066	1.999356	0.330753	0.098698	1.7
5	-0.607919	1.218088	0.342384	0.159464	1.6
6	-0.602557	1.938941	0.331624	0.013380	1.7
7	-0.627505	1.199645	0.342668	0.099974	1.7
8	-0.611656	1.509791	0.337947	0.085720	2.0
9	-0.559106	0.728523	0.350098	0.153993	1.5
10	-0.565592	1.728387	0.334697	0.030976	2.1
11	-0.590400	0.947228	0.346609	0.043830	1.5
12	-0.557470	0.485247	0.354062	0.150026	1.8
13	-0.577110	1.484804	0.338322	0.150896	1.6
14	-0.546984	2.484804	0.323916	0.040613	1.6
15	-0.560583	1.703537	0.335063	0.071478	1.5
16	-0.568796	0.970615	0.346240	0.067237	1.9
17	-0.518696	0.189538	0.359003	0.028721	1.5
18	-0.558865	1.139998	0.343591	0.086905	1.7
19	-0.616602	2.121148	0.329011	0.036529	2.7
20	-0.588121	1.345025	0.340439	0.043787	1.6
21	-0.619087	2.302620	0.326449	0.072077	1.5
22	-0.657943	1.631819	0.336125	0.053047	1.7
23	-0.536323	0.850626	0.348142	0.035994	1.6
24	-0.604777	0.086601	0.360756	0.060223	2.1
25	-0.568502	0.000000	0.362244	0.135646	1.7
26	-0.559168	1.000000	0.345778	0.081763	1.8
27	-0.549935	2.000000	0.330744	0.085111	1.9
28	-0.572881	3.000000	0.316963	0.173649	1.8
29	-0.554435	4.000000	0.304285	0.049741	1.6
30	-0.576478	3.218732	0.314100	0.115329	2.0
31	-0.580490	2.437466	0.324571	0.021722	1.6
32	-0.614119	3.211158	0.314199	0.053838	2.7
33	-0.605819	4.058298	0.303577	0.067819	3.8
34	-0.592370	3.705664	0.307910	0.164215	3.0
35	-0.630939	4.705664	0.295931	0.043931	2.3
36	-0.511226	3.924400	0.305207	0.027828	2.3
37	-0.607267	4.813021	0.294701	0.032041	2.3
38	-0.619577	5.291495	0.289337	0.117447	2.3
39	-0.580671	4.511109	0.298188	0.026593	2.3
40	-0.613107	3.730595	0.307599	0.031587	2.9
41	-0.593956	3.162717	0.314829	0.092671	2.2
42	-0.621182	2.382746	0.325330	0.155721	2.2
43	-0.568203	1.601478	0.336576	0.051594	2.9
44	-0.598748	2.601478	0.322315	0.152407	2.3
45	-0.591786	2.067591	0.329775	0.052169	1.9
46	-0.614749	1.286324	0.341336	0.105995	1.5
47	-0.607188	0.505057	0.353736	0.068172	1.6
48	-0.570446	1.505057	0.338018	0.105341	1.6
49	-0.612657	2.505057	0.323637	0.191544	1.7
50	-0.592471	3.505057	0.310430	0.138562	2.0
51	-0.561295	2.723789	0.320653	0.069799	1.9
52	-0.614500	2.060465	0.329877	0.096589	1.5
53	-0.510778	2.966815	0.317402	0.032756	1.7
54	-0.566516	3.870806	0.305865	0.047716	1.7
55	-0.569649	4.156796	0.302388	0.043962	1.8
56	-0.578764	3.388905	0.311909	0.119595	1.7
57	-0.610477	4.388899	0.299624	0.088718	1.7
58	-0.623506	5.388643	0.288272	0.060944	1.8
59	-0.571199	4.722799	0.295734	0.017445	2.0
60	-0.599568	5.036941	0.292166	0.050757	1.5
61	-0.545454	5.258514	0.289701	0.092323	1.7
62	-0.592524	6.257837	0.279080	0.091205	1.8
63	-0.595340	7.257837	0.269204	0.033112	1.8
64	-0.535506	6.684118	0.274783	0.106768	1.6
65	-0.569082	6.298619	0.278663	0.058635	1.5
66	-0.595739	5.517457	0.286872	0.157326	1.9
67	-0.570949	4.736189	0.295580	0.066762	1.5
68	-0.557300	3.954921	0.304834	0.032110	1.5
69	-0.632514	3.398449	0.311787	0.034225	1.5
70	-0.617693	3.400221	0.311764	0.027022	1.5
71	-0.592001	2.938411	0.317779	0.167812	1.4
72	-0.577937	2.160946	0.328446	0.140049	1.7
73	-0.587418	1.379678	0.339912	0.033900	1.7
74	-0.598998	2.209453	0.327759	0.090288	1.8
75	-0.591576	3.102994	0.315609	0.047046	1.6
76	-0.636345	3.142935	0.315087	0.105539	1.5
77	-0.549000	2.363884	0.325593	0.047794	1.8
78	-0.636224	1.584207	0.336833	0.067280	1.6
79	-0.545883	0.836076	0.348374	0.064544	1.5
80	-0.558181	1.835858	0.333121	0.127021	1.7
81	-0.570908	2.835858	0.319146	0.072929	1.8
82	-0.516702	2.054591	0.329961	0.059696	1.8
83	-0.572790	1.273419	0.341533	0.118614	2.5
84	-0.561192	2.273419	0.326858	0.114235	2.4
85	-0.582913	1.492151	0.338212	0.070732	2.8
86	-0.657847	0.710884	0.350383	0.047200	2.9
87	-0.622268	1.709425	0.334976	0.095592	1.9
88	-0.530502	2.706796	0.320883	0.041609	2.8
89	-0.563178	2.023987	0.330399	0.039460	1.9
90	-0.647201	1.848096	0.332943	0.103200	1.9
91	-0.610342	2.848027	0.318983	0.106081	1.6
92	-0.586280	3.079391	0.315918	0.053611	1.5
93	-0.630721	4.078740	0.303329	0.033934	1.7
94	-0.621476	5.047322	0.292050	0.042518	1.7
95	-0.535188	4.373217	0.299809	0.130172	1.8
96	-0.579466	3.591956	0.309333	0.087323	2.5
97	-0.548484	4.591956	0.297246	0.037519	1.8
98	-0.598896	5.590832	0.286080	0.074578	1.8
99	-0.609891	6.586387	0.275756	0.063726	1.5
100	-0.587380	5.805154	0.283793	0.187103	1.7
101	-0.618308	6.805154	0.273586	0.067680	1.5
102	-0.575664	7.805154	0.264089	0.135825	2.0
103	-0.592313	8.805154	0.255228	0.110750	1.6
104	-0.645177	8.023886	0.262098	0.057731	2.1
105	-0.613481	7.242649	0.269348	0.088969	1.9
106	-0.651248	6.465082	0.276974	0.040069	1.7
107	-0.547095	5.684239	0.285079	0.104378	1.5
108	-0.649707	6.683534	0.274788	0.095662	1.7
109	-0.543326	7.683534	0.265208	0.055378	1.9
110	-0.576348	6.902269	0.272634	0.091232	1.5
111	-0.570655	6.121015	0.280488	0.024251	2.1
112	-0.590378	5.397584	0.288175	0.095060	2.0
113	-0.618603	6.195083	0.279724	0.109478	1.6
114	-0.697422	5.413815	0.287998	0.061126	1.6
115	-0.567048	6.413666	0.277493	0.042188	1.6
116	-0.566665	5.897658	0.282817	0.166046	1.6
117	-0.577855	6.890794	0.272746	0.063844	2.1
118	-0.565793	6.109539	0.280607	0.034705	1.5
119	-0.624068	6.681580	0.274808	0.085417	1.5
120	-0.568966	5.994554	0.281802	0.083618	2.0
121	-0.615615	5.213287	0.290201	0.101983	1.7
122	-0.580009	4.432026	0.299116	0.134164	2.1
123	-0.574613	5.432026	0.287799	0.019848	1.5
124	-0.608744	5.406954	0.288072	0.043675	1.6
125	-0.593116	5.402536	0.288121	0.046700	1.9
126	-0.606757	5.960950	0.282153	0.114737	1.7
127	-0.608791	5.179897	0.290571	0.056927	1.5
128	-0.595667	4.398663	0.299508	0.073100	1.7
129	-0.510115	3.660535	0.308473	0.104568	1.5
130	-0.599217	4.660527	0.296452	0.109445	1.8
131	-0.590718	3.879259	0.305761	0.126868	1.8
132	-0.591351	3.097992	0.315674	0.046350	1.7
133	-0.600290	2.318143	0.326232	0.049394	1.5
134	-0.606023	2.550598	0.323011	0.075457	1.7
135	-0.565912	1.771650	0.334061	0.032169	1.5
136	-0.627310	1.059241	0.344849	0.073543	2.2
137	-0.634051	0.847909	0.348185	0.069012	2.4
138	-0.562260	0.066652	0.361097	0.129941	3.2
139	-0.572789	0.000000	0.362244	0.097354	2.4
140	-0.572595	0.000000	0.362244	0.094807	1.6
141	-0.640749	0.000000	0.362244	0.042666	1.8
142	-0.580623	0.999525	0.345785	0.033304	17.6
143	-0.621980	0.814405	0.348720	0.167147	1.6
144	-0.606533	1.655852	0.335768	0.061039	1.4
145	-0.599808	2.655852	0.321574	0.094857	1.6
146	-0.617466	1.874782	0.332555	0.090244	1.5
147	-0.624973	1.093515	0.344314	0.114077	1.7
148	-0.648089	2.093515	0.329405	0.139807	1.7
149	-0.609578	1.312247	0.340939	0.042390	1.7
150	-0.567448	2.312245	0.326314	0.044578	1.8
151	-0.643024	3.289716	0.313182	0.102286	1.9
152	-0.618837	2.508602	0.323589	0.095726	2.0
153	-0.566751	3.508602	0.310385	0.089945	1.5
154	-0.613641	2.727334	0.320605	0.014470	1.8
155	-0.600115	2.440699	0.324526	0.028027	1.8
156	-0.603754	2.339348	0.325935	0.134327	1.5
157	-0.553377	3.086693	0.315822	0.045721	1.5
158	-0.575341	2.367964	0.325536	0.096333	1.8
159	-0.593671	1.595102	0.336671	0.079530	2.1
160	-0.609432	2.595080	0.322403	0.199898	1.5
161	-0.614929	1.813812	0.333443	0.039591	1.9
162	-0.595300	2.813811	0.319441	0.095724	1.7
163	-0.586056	2.032733	0.330274	0.035989	1.5
164	-0.604425	2.854333	0.318899	0.072231	1.8
165	-0.598211	2.388336	0.325252	0.059122	1.5
166	-0.574373	3.388169	0.311918	0.061252	1.8
167	-0.580308	4.340384	0.300197	0.065214	1.8
168	-0.558851	5.340192	0.288803	0.187466	1.4
169	-0.583929	6.340192	0.278239	0.024456	1.6
170	-0.597666	7.340140	0.268422	0.203423	1.8
171	-0.550413	6.558889	0.276031	0.065085	1.9
172	-0.615188	7.558889	0.266366	0.098664	1.7
173	-0.592040	6.777983	0.273854	0.050597	1.7
174	-0.553115	7.777965	0.264338	0.051452	1.8
175	-0.610168	7.000144	0.271681	0.097637	2.1
176	-0.579754	7.998660	0.262326	0.097570	1.7
177	-0.547213	7.217393	0.269590	0.031440	1.7
178	-0.541860	8.210416	0.260425	0.100033	1.6
179	-0.600516	7.430832	0.267566	0.050050	1.8
180	-0.600532	6.649573	0.275126	0.043091	2.1
181	-0.622761	7.600330	0.265980	0.096273	2.0
182	-0.605830	8.600096	0.256996	0.119500	1.5
183	-0.524749	9.600096	0.248598	0.013845	2.5
184	-0.573007	9.147826	0.252327	0.069361	2.3
185	-0.584510	8.567826	0.257277	0.036533	2.9
186	-0.623508	7.849259	0.263685	0.206904	2.4
187	-0.629230	8.849259	0.254851	0.192127	1.6
188	-0.599755	8.067991	0.261701	0.069220	2.6
189	-0.637003	9.067991	0.252997	0.097250	1.9
190	-0.600708	8.286725	0.259746	0.138930	1.7
191	-0.551761	7.505457	0.266865	0.064492	1.7
192	-0.572948	8.378288	0.258937	0.081389	1.9
193	-0.627601	9.185297	0.252014	0.056830	2.1
194	-0.596529	8.409413	0.258663	0.170463	1.9
195	-0.578270	9.409026	0.250160	0.102043	1.8
196	-0.644724	8.627759	0.256756	0.023823	2.2
197	-0.619428	9.279400	0.251231	0.085062	1.6
198	-0.566588	10.141063	0.244279	0.130186	1.6
199	-0.601530	11.141063	0.236679	0.095003	1.6
200	-0.607539	12.141063	0.229537	0.056329	1.5
201	-0.558105	13.141058	0.222814	0.089244	1.5
202	-0.580791	12.359797	0.228032	0.075647	1.6
203	-0.611957	13.203660	0.222406	0.059316	1.7
204	-0.598601	12.429413	0.227557	0.059637	2.2
205	-0.631030	12.008495	0.230459	0.032011	1.7
206	-0.600649	12.962037	0.223989	0.121082	1.5
207	-0.626015	13.959115	0.217600	0.160684	2.0
208	-0.643934	14.959115	0.211549	0.119505	1.7
209	-0.637387	15.959115	0.205825	0.008896	1.7
210	-0.549086	15.780053	0.206827	0.068137	2.0
211	-0.592189	15.769534	0.206886	0.023585	1.6
212	-0.584794	15.344436	0.209306	0.109889	1.8
213	-0.574867	16.228035	0.204338	0.057456	1.7
214	-0.605934	15.446768	0.208718	0.102388	1.8
215	-0.635106	16.446764	0.203145	0.070700	2.0
216	-0.598628	15.665497	0.207473	0.124082	1.7
217	-0.606891	16.665496	0.201965	0.103381	1.7
218	-0.615126	17.665496	0.196742	0.132464	1.9
219	-0.635002	16.884228	0.200799	0.131895	1.8
220	-0.576345	17.884228	0.195635	0.088473	1.7
221	-0.610933	18.884228	0.190730	0.040622	1.9
222	-0.549841	19.883174	0.186070	0.086900	2.0
223	-0.644324	19.102392	0.189692	0.073919	1.5
224	-0.543143	18.799719	0.191135	0.081158	1.7
225	-0.609642	18.018452	0.194962	0.084645	1.5
226	-0.571815	18.588610	0.192154	0.039291	1.7
227	-0.601017	17.830428	0.195906	0.038046	1.7
228	-0.600918	17.214221	0.199065	0.105569	2.0
229	-0.629289	18.206164	0.194029	0.042084	1.8
230	-0.573832	19.205966	0.189204	0.041849	1.6
231	-0.559283	20.164486	0.184798	0.034304	1.7
232	-0.570028	20.806082	0.181962	0.044703	1.7
233	-0.606138	20.076295	0.185195	0.127220	1.8
234	-0.618234	21.076286	0.180793	0.085905	1.7
235	-0.633293	22.076282	0.176596	0.059418	1.9
236	-0.630409	22.542056	0.174707	0.117506	2.5
237	-0.612429	21.760789	0.177899	0.101896	2.5
238	-0.564359	22.760789	0.173834	0.060140	3.0
239	-0.547293	21.980049	0.176992	0.237436	2.4
240	-0.595635	22.980049	0.172967	0.010674	2.0
241	-0.580741	22.224418	0.175991	0.054195	1.7
242	-0.569959	22.711629	0.174030	0.064301	2.4
243	-0.602040	23.710902	0.170140	0.059571	1.5
244	-0.604788	23.116674	0.172432	0.073883	1.6
245	-0.659674	24.099791	0.168673	0.051787	3.8
246	-0.603401	24.865525	0.165857	0.170391	1.9
247	-0.641052	25.865525	0.162318	0.068766	1.8
248	-0.572015	25.084258	0.165070	0.102330	1.7
249	-0.585819	26.084257	0.161564	0.021877	1.9
250	-0.554604	25.786183	0.162593	0.111525	1.7
251	-0.602716	26.772864	0.159235	0.067271	2.0
252	-0.618102	27.772707	0.155971	0.058428	2.1
253	-0.533914	28.118108	0.154874	0.143798	1.9
254	-0.596758	27.336840	0.157377	0.168056	1.5
255	-0.590568	28.336840	0.154187	0.065886	1.8
256	-0.552617	27.555573	0.156668	0.046158	1.8
257	-0.614634	26.777181	0.159221	0.106281	1.8
258	-0.581608	27.777156	0.155956	0.048039	1.9
259	-0.598695	26.996089	0.158494	0.035517	1.5
260	-0.637406	26.316058	0.160772	0.066155	1.7
261	-0.571051	25.637693	0.163111	0.065315	1.6
262	-0.553100	24.856467	0.165890	0.032327	1.7
263	-0.553178	25.805943	0.162525	0.123953	1.6
264	-0.541640	25.029906	0.165265	0.167894	1.5
265	-0.627025	24.248638	0.168118	0.066578	1.7
266	-0.585715	25.248638	0.164483	0.088092	1.7
267	-0.534456	24.467373	0.167309	0.054990	2.1
268	-0.562183	25.453844	0.163756	0.143227	1.7
269	-0.596426	26.453808	0.160306	0.050848	1.7
270	-0.649896	25.672556	0.162989	0.071789	2.1
271	-0.601023	24.891934	0.165761	0.063345	2.0
272	-0.644254	25.891791	0.162227	0.120395	1.9
273	-0.590891	25.110524	0.164976	0.135980	1.6
274	-0.596596	26.110524	0.161474	0.073320	1.8
275	-0.534484	27.110524	0.158117	0.035506	1.8
276	-0.574026	28.103732	0.154919	0.081896	1.7
277	-0.602936	27.338545	0.157372	0.122431	1.7
278	-0.559794	28.338545	0.154182	0.010708	2.0
279	-0.565435	29.225700	0.151459	0.043242	1.8
280	-0.575534	29.277488	0.151303	0.024414	2.0
281	-0.560573	29.022472	0.152074	0.099438	1.5
282	-0.624752	28.280201	0.154365	0.013727	1.8
283	-0.568279	27.763189	0.156001	0.054718	1.7
284	-0.596978	28.108226	0.154905	0.094306	1.9
285	-0.641108	27.327267	0.157408	0.127597	2.0
286	-0.586699	26.545999	0.159995	0.082569	1.9
287	-0.608642	25.764746	0.162668	0.124462	1.7
288	-0.610163	26.678086	0.159552	0.049585	2.2
289	-0.631172	27.554420	0.156672	0.084257	2.3
290	-0.626826	26.773255	0.159234	0.069353	2.7
291	-0.555575	27.773208	0.155969	0.081225	2.3
292	-0.585797	28.773139	0.152836	0.110707	4.5
293	-0.626878	27.991931	0.155273	0.089195	2.8
294	-0.531508	27.210663	0.157789	0.042487	1.7
295	-0.627468	26.443040	0.160342	0.060417	1.7
296	-0.627990	27.329272	0.157402	0.125914	2.2
297	-0.590170	28.329240	0.154211	0.036133	1.8
298	-0.605295	28.862619	0.152561	0.187469	3.2
299	-0.589856	29.766252	0.149846	0.039983	1.9
300	-0.598600	30.766252	0.146951	0.163619	1.5
301	-0.565906	29.984986	0.149203	0.060787	1.7
302	-0.551177	29.203718	0.151525	0.061832	1.5
303	-0.574703	28.422649	0.153920	0.032309	1.5
304	-0.557614	27.977370	0.155319	0.064437	1.5
305	-0.617977	28.240807	0.154488	0.112381	1.7
306	-0.582258	29.240807	0.151413	0.069087	2.0
307	-0.614129	30.240807	0.148458	0.062433	2.0
308	-0.607064	31.240723	0.145617	0.118710	1.6
309	-0.595210	30.459456	0.147827	0.035620	1.6
310	-0.580569	29.697340	0.150050	0.093440	1.7
311	-0.573217	30.696015	0.147151	0.079114	1.9
312	-0.605168	29.914748	0.149409	0.151109	1.8
313	-0.541455	29.133481	0.151737	0.092081	1.7
314	-0.569553	30.133481	0.148770	0.126753	1.5
315	-0.655625	31.133481	0.145916	0.088632	1.8
316	-0.640403	32.133481	0.143170	0.091538	2.0
317	-0.596040	31.352214	0.145306	0.123649	2.0
318	-0.628216	32.352214	0.142583	0.087063	1.7
319	-0.599292	33.352214	0.139960	0.081583	1.6
320	-0.568373	34.352214	0.137431	0.036195	1.8
321	-0.576359	34.991873	0.135861	0.046379	1.4
322	-0.596477	35.058432	0.135700	0.060280	1.7
323	-0.591766	34.317641	0.137517	0.130505	2.0
324	-0.612002	35.317641	0.135075	0.061198	1.7
325	-0.590517	34.536373	0.136975	0.074511	1.5
326	-0.615109	33.773913	0.138882	0.067605	1.5
327	-0.600440	34.490667	0.137088	0.132828	1.4
328	-0.601669	33.709400	0.139046	0.060660	1.6
329	-0.604495	34.709400	0.136550	0.108544	1.5
330	-0.549225	33.928184	0.138492	0.016523	1.7
331	-0.622618	34.901178	0.136081	0.039089	1.7
332	-0.644341	35.067509	0.135678	0.041222	2.0
333	-0.593299	34.350178	0.137436	0.056564	1.6
334	-0.601160	35.336907	0.135029	0.261883	1.8
335	-0.554616	34.555640	0.136928	0.060618	1.7
336	-0.588003	35.555640	0.134507	0.089654	1.5
337	-0.587469	36.520748	0.132250	0.171513	1.8
338	-0.579401	35.755485	0.134033	0.122330	1.7
339	-0.570215	36.755485	0.131712	0.126187	1.7
340	-0.575781	35.974217	0.133519	0.272785	2.3
341	-0.635141	36.974217	0.131215	0.065859	2.9
342	-0.640756	36.192952	0.133008	0.025974	3.3
343	-0.562700	36.393050	0.132544	0.046482	2.5
344	-0.659570	36.898025	0.131388	0.091202	2.1
345	-0.592240	37.839631	0.129286	0.070326	2.0
346	-0.562500	38.820510	0.127166	0.024975	1.9
347	-0.588564	38.059385	0.128804	0.061769	2.6
348	-0.663039	37.671171	0.129657	0.012803	1.8
349	-0.647004	38.256557	0.128376	0.054126	1.6
350	-0.642746	38.544656	0.127755	0.058923	1.5
351	-0.608994	39.543960	0.125646	0.035670	1.5
352	-0.632218	39.019921	0.126743	0.127644	1.7
353	-0.634982	38.238867	0.128414	0.059092	2.1
354	-0.639406	37.457599	0.130130	0.054780	1.5
355	-0.565930	37.629751	0.129748	0.043936	1.8
356	-0.549539	38.597365	0.127642	0.060228	1.8
357	-0.668965	39.075347	0.126626	0.053713	1.8
358	-0.618363	38.307124	0.128266	0.054125	1.6
359	-0.531057	37.570658	0.129879	0.054533	1.9
360	-0.596935	36.796501	0.131619	0.069221	1.8
361	-0.581710	36.028823	0.133391	0.101765	1.7
362	-0.653117	37.028822	0.131092	0.117700	1.6
363	-0.536906	36.247555	0.132881	0.176188	1.5
364	-0.509366	37.247555	0.130600	0.022553	1.5
365	-0.642955	36.541505	0.132202	0.058293	1.7
366	-0.593517	37.095181	0.130942	0.020314	1.7
367	-0.611759	37.971408	0.128997	0.043303	1.6
368	-0.537134	38.628420	0.127575	0.030995	1.7
369	-0.618611	37.991243	0.128953	0.161316	1.8
370	-0.617310	38.981817	0.126824	0.062074	1.9
371	-0.608417	39.981817	0.124744	0.026750	1.6
372	-0.618824	40.525017	0.123643	0.142137	1.8
373	-0.537935	40.117884	0.124466	0.109924	1.9
374	-0.568671	41.117884	0.122463	0.051674	2.0
375	-0.577383	42.117882	0.120522	0.074127	1.7
376	-0.633471	41.341809	0.122023	0.049990	1.8
377	-0.599639	42.292834	0.120189	0.158357	2.0
378	-0.615288	43.292834	0.118320	0.027465	1.6
379	-0.598640	44.291780	0.116510	0.177219	1.7
380	-0.648224	43.510807	0.117920	0.066276	1.7
381	-0.574954	44.510807	0.116120	0.082925	2.0
382	-0.533927	45.510806	0.114374	0.050120	1.8
383	-0.609197	44.731445	0.115730	0.052975	1.5
384	-0.645466	43.953991	0.117115	0.080244	1.6
385	-0.568377	44.953891	0.115340	0.058858	2.0
386	-0.578302	44.172643	0.116722	0.062841	1.5
387	-0.570063	43.393496	0.118135	0.045575	1.7
388	-0.582735	42.613834	0.119583	0.038559	1.5
389	-0.566748	43.458220	0.118016	0.097673	2.1
390	-0.564819	43.996428	0.117039	0.212490	1.6
391	-0.564832	44.996428	0.115266	0.127060	1.7
392	-0.562388	45.996428	0.113545	0.029123	1.5
393	-0.574209	45.240326	0.114841	0.045002	2.0
394	-0.552182	44.652933	0.115869	0.064745	2.2
395	-0.562613	45.570391	0.114272	0.077480	2.8
396	-0.611626	46.570386	0.112581	0.095349	2.5
397	-0.613145	47.570385	0.110939	0.051026	3.0
398	-0.596719	48.570374	0.109344	0.128206	2.1
399	-0.585576	49.570206	0.107795	0.052308	2.3
400	-0.576614	48.788941	0.109002	0.086639	1.8
401	-0.577748	48.009372	0.110233	0.073019	2.0
402	-0.562195	47.228119	0.111495	0.130145	1.7
403	-0.552663	48.228118	0.109885	0.056646	1.8
404	-0.617328	47.446851	0.111139	0.041196	2.6
405	-0.604291	47.601239	0.110889	0.092084	1.8
406	-0.550976	47.524296	0.111013	0.081086	2.1
407	-0.588375	46.743028	0.112294	0.111984	1.9
408	-0.656676	47.743028	0.110660	0.081314	1.8
409	-0.643398	48.743028	0.109073	0.058132	2.0
410	-0.589378	47.961821	0.110309	0.025496	1.5
411	-0.590509	48.814976	0.108961	0.060082	1.5
412	-0.604789	49.761439	0.107504	0.068849	1.6
413	-0.610542	50.751402	0.106020	0.096806	2.1
414	-0.591519	49.970674	0.107187	0.079055	1.8
415	-0.576658	50.970673	0.105697	0.067011	1.5
416	-0.656092	50.236038	0.106787	0.048448	1.5
417	-0.563279	51.162394	0.105417	0.029494	1.7
418	-0.611297	51.916107	0.104327	0.115724	1.6
419	-0.610362	52.915713	0.102916	0.051131	1.5
420	-0.599033	52.134446	0.104015	0.140614	1.7
421	-0.529507	51.353178	0.105139	0.070069	1.7
422	-0.619195	50.571911	0.106286	0.085214	2.0
423	-0.643045	51.571851	0.104822	0.160080	1.8
424	-0.640180	50.790584	0.105963	0.047418	1.6
425	-0.627863	51.790584	0.104507	0.041928	1.5
426	-0.661022	51.017848	0.105628	0.149672	1.5
427	-0.549473	52.017848	0.104182	0.088312	1.6
428	-0.606527	53.017848	0.102774	0.049956	1.7
429	-0.565706	52.311692	0.103764	0.020387	1.9
430	-0.559438	52.658597	0.103275	0.065730	2.1
431	-0.550561	53.184512	0.102543	0.025341	1.9
432	-0.551938	52.942994	0.102878	0.024433	2.4
433	-0.580608	52.674381	0.103253	0.077260	2.0
434	-0.624284	51.904215	0.104344	0.082828	1.9
435	-0.597848	51.122948	0.105474	0.121310	1.8
436	-0.585790	50.341680	0.106629	0.102896	2.1
437	-0.560798	49.566256	0.107801	0.051900	2.1
438	-0.656390	50.565961	0.106295	0.181633	1.9
439	-0.612275	51.565961	0.104830	0.077446	2.1
440	-0.584041	50.784751	0.105971	0.045648	2.6
441	-0.598751	51.757702	0.104554	0.030171	2.2
442	-0.581423	52.288074	0.103797	0.035996	2.1
443	-0.622974	51.967641	0.104253	0.116664	2.6
444	-0.640089	52.967360	0.102844	0.224914	2.1
445	-0.585542	53.967360	0.101472	0.121981	2.1
446	-0.587188	53.186093	0.102541	0.020365	1.9
447	-0.558894	52.407656	0.103628	0.132543	1.8
448	-0.549626	53.393801	0.102255	0.062753	1.6
449	-0.568216	52.612533	0.103340	0.120487	1.7
450	-0.593231	53.612517	0.101955	0.107870	2.7
451	-0.613012	54.612517	0.100607	0.038892	1.8
452	-0.642374	55.607830	0.099299	0.017528	1.8
453	-0.585063	55.520576	0.099413	0.195354	1.7
454	-0.632273	54.748837	0.100425	0.116494	1.5
455	-0.551212	55.748837	0.099117	0.116743	2.1
456	-0.593972	56.748837	0.097842	0.107417	1.9
457	-0.639497	57.748837	0.096600	0.042940	1.8
458	-0.627968	56.967581	0.097568	0.036071	1.8
459	-0.550880	56.226429	0.098504	0.067628	1.5
460	-0.562914	55.497911	0.099442	0.111893	1.7
461	-0.591792	54.716675	0.100468	0.052837	1.5
462	-0.574078	53.935410	0.101516	0.114701	1.9
463	-0.595053	54.935398	0.100179	0.068608	1.9
464	-0.627393	54.154130	0.101220	0.090448	1.7
465	-0.565587	53.372863	0.102283	0.060875	1.8
466	-0.573130	52.591622	0.103369	0.029275	1.7
467	-0.617426	52.525950	0.103462	0.017644	1.5
468	-0.588114	52.846604	0.103012	0.079420	1.7
469	-0.614155	53.728456	0.101797	0.238517	1.5
470	-0.576911	52.947189	0.102872	0.049509	1.7
471	-0.576279	53.947189	0.101500	0.057981	1.8
472	-0.576708	53.168066	0.102566	0.157040	1.8
473	-0.579755	54.168066	0.101201	0.051296	2.0
474	-0.637800	55.168062	0.099873	0.039090	2.3
475	-0.633263	56.150728	0.098601	0.045790	1.6
476	-0.578493	56.721986	0.097876	0.040781	1.6
477	-0.545192	55.956012	0.098850	0.081057	1.7
478	-0.635230	56.878543	0.097679	0.106944	1.7
479	-0.602393	56.097275	0.098669	0.066663	1.5
480	-0.542896	55.316014	0.099679	0.044947	1.8
481	-0.547937	56.190632	0.098550	0.117640	1.8
482	-0.556136	57.174338	0.097310	0.076587	2.4
483	-0.620243	56.807917	0.097768	0.133471	3.1
484	-0.578234	57.807917	0.096527	0.222152	2.5
485	-0.611717	57.026649	0.097494	0.020110	2.0
486	-0.571820	56.247891	0.098477	0.093398	1.5
487	-0.595466	55.507053	0.099430	0.033883	2.4
488	-0.581769	54.731576	0.100448	0.031977	1.8
489	-0.606822	55.426690	0.099535	0.083868	1.6
490	-0.523373	56.423637	0.098253	0.003527	1.5
491	-0.516949	56.183871	0.098558	0.043716	1.5
492	-0.636453	56.268769	0.098450	0.031496	1.8
493	-0.602143	55.552805	0.099371	0.041973	2.0
494	-0.581887	56.426818	0.098249	0.059841	1.5
495	-0.591567	55.648909	0.099246	0.030780	1.6
496	-0.611525	56.566706	0.098072	0.076145	2.7
497	-0.585714	57.559522	0.096832	0.109273	1.5
498	-0.548934	58.559522	0.095615	0.037823	1.6
499	-0.622723	57.778519	0.096563	0.042625	1.8
500	-0.594501	58.738140	0.095401	0.071951	1.5
501	-0.597976	59.309918	0.094722	0.036547	1.7
502	-0.574670	59.343247	0.094683	0.079644	1.7
503	-0.614034	60.281499	0.093590	0.080698	17.0
504	-0.575874	59.500233	0.094498	0.127098	1.5
505	-0.587282	58.718965	0.095424	0.104796	1.7
506	-0.538546	57.937697	0.096369	0.040058	1.5
507	-0.622114	57.156495	0.097332	0.080036	1.8
508	-0.604191	58.148744	0.096112	0.060818	1.5
509	-0.583130	59.142829	0.094919	0.074164	1.6
510	-0.586450	60.142697	0.093750	0.063439	1.6
511	-0.561785	59.366359	0.094655	0.032885	1.7
512	-0.591056	60.037300	0.093872	0.093891	2.1
513	-0.565810	61.021649	0.092745	0.063460	1.6
514	-0.556550	62.021649	0.091628	0.048475	1.7
515	-0.632545	62.935611	0.090630	0.056264	1.7
516	-0.634683	63.473326	0.090053	0.062203	1.6
517	-0.613484	62.694163	0.090892	0.058227	1.7
518	-0.606723	63.693940	0.089819	0.034961	1.6
519	-0.582156	63.859613	0.089644	0.057685	1.8
520	-0.560915	64.367939	0.089110	0.074879	1.7
521	-0.602847	63.586736	0.089933	0.095026	1.5
522	-0.630544	64.586736	0.088882	0.072870	1.8
523	-0.595370	65.586736	0.087855	0.069964	1.7
524	-0.611652	64.805474	0.088655	0.139488	1.5
525	-0.562649	65.805474	0.087634	0.039690	1.5
526	-0.528792	65.024240	0.088430	0.053728	1.5
527	-0.622815	64.723648	0.088740	0.077459	1.8
528	-0.593158	65.710928	0.087730	0.068046	1.7
529	-0.605213	66.710818	0.086729	0.038638	2.4
530	-0.546689	67.670895	0.085790	0.100380	2.1
531	-0.616458	68.667684	0.084837	0.043446	3.2
532	-0.552482	69.623228	0.083942	0.060876	2.3
533	-0.549487	68.972589	0.084549	0.154556	2.9
534	-0.567301	69.972589	0.083620	0.082950	3.8
535	-0.611442	70.972589	0.082711	0.082215	2.0
536	-0.611013	71.972578	0.081821	0.054533	2.4
537	-0.543741	71.191398	0.082514	0.042458	1.8
538	-0.586564	72.152527	0.081663	0.075551	1.6
539	-0.626180	72.398921	0.081448	0.201222	1.5
540	-0.570991	71.617653	0.082135	0.047871	1.5
541	-0.546362	72.617608	0.081257	0.087548	2.2
542	-0.577122	73.613328	0.080402	0.089717	2.0
543	-0.585540	74.613326	0.079561	0.106892	1.7
544	-0.571212	75.613326	0.078738	0.100744	1.7
545	-0.531555	76.613326	0.077931	0.009692	2.1
546	-0.562329	76.857146	0.077737	0.116197	1.8
547	-0.577878	76.335471	0.078154	0.110248	1.5
548	-0.613929	77.335471	0.077359	0.021652	1.8
549	-0.563177	76.558521	0.077975	0.053695	1.9
550	-0.609734	76.306385	0.078177	0.099285	1.8
551	-0.602412	77.280464	0.077402	0.083795	1.5
552	-0.631247	78.280461	0.076622	0.037224	2.0
553	-0.608862	79.039322	0.076041	0.052429	1.5
554	-0.604807	80.024124	0.075300	0.113800	1.8
555	-0.654660	79.243055	0.075887	0.110172	1.8
556	-0.559185	80.243055	0.075137	0.112237	1.8
557	-0.569890	81.243055	0.074402	0.016208	1.5
558	-0.567123	82.168113	0.073735	0.122349	1.5
559	-0.597077	81.563326	0.074170	0.142181	1.5
560	-0.635141	80.782059	0.074739	0.073263	1.7
561	-0.603081	81.782059	0.074012	0.024149	1.6
562	-0.628710	82.747261	0.073324	0.039219	2.0
563	-0.677596	82.618188	0.073415	0.056217	1.4
564	-0.537682	83.588782	0.072734	0.109627	1.9
565	-0.547639	83.262247	0.072961	0.032429	1.7
566	-0.577496	83.372360	0.072884	0.142035	1.6
567	-0.562719	83.740479	0.072628	0.069500	1.5
568	-0.578066	84.740479	0.071941	0.151973	1.6
569	-0.601271	85.740479	0.071267	0.047319	1.5
570	-0.619527	86.740188	0.070606	0.037325	2.1
571	-0.607726	87.594262	0.070051	0.215974	2.1
572	-0.611786	88.594262	0.069412	0.077400	1.8
573	-0.616597	89.594262	0.068784	0.072863	1.5
574	-0.626623	90.594261	0.068168	0.207270	1.5
575	-0.587307	89.812993	0.068648	0.131600	1.6
576	-0.606635	90.812993	0.068034	0.094857	1.5
577	-0.595206	90.031726	0.068513	0.083936	1.7
578	-0.567329	89.250458	0.068998	0.075154	1.7
579	-0.625586	88.469191	0.069491	0.026870	1.8
580	-0.574523	87.825742	0.069902	0.054990	1.8
581	-0.650947	87.971272	0.069808	0.127615	2.1
582	-0.620169	88.875445	0.069234	0.111430	2.3
583	-0.548891	89.875445	0.068610	0.053917	3.0
584	-0.613274	90.875444	0.067996	0.031599	2.0
585	-0.572555	90.209366	0.068404	0.151801	1.7
586	-0.578321	91.194609	0.067803	0.069533	2.4
587	-0.563920	90.413342	0.068278	0.094617	2.3
588	-0.628429	89.632074	0.068760	0.015507	1.9
589	-0.569950	89.006851	0.069151	0.067855	1.8
590	-0.577905	88.391478	0.069540	0.064411	1.6
591	-0.571702	87.929433	0.069835	0.077749	1.5
592	-0.605123	87.148183	0.070340	0.078111	1.7
593	-0.649465	88.148180	0.069695	0.063583	1.7
594	-0.591575	89.148170	0.069063	0.101624	2.3
595	-0.548671	88.366903	0.069556	0.137347	2.0
596	-0.576258	89.366903	0.068926	0.044023	1.7
597	-0.604669	90.366901	0.068307	0.030466	1.5
598	-0.579769	90.067559	0.068491	0.039533	1.7
599	-0.599671	89.356031	0.068932	0.096165	1.6
600	-0.572547	90.324639	0.068333	0.023666	1.5
601	-0.634515	91.036849	0.067898	0.158796	1.5
602	-0.656761	92.035660	0.067298	0.101278	1.5
603	-0.545316	91.254393	0.067767	0.142532	2.1
604	-0.621687	92.254103	0.067169	0.070648	1.7
605	-0.590765	91.472835	0.067635	0.146458	1.8
606	-0.586162	90.691568	0.068108	0.066661	1.8
607	-0.577851	89.910300	0.068588	0.198107	1.5
608	-0.583401	90.910300	0.067975	0.039228	1.5
609	-0.620721	90.129990	0.068452	0.114845	1.7
610	-0.589640	89.365886	0.068926	0.131554	1.7
611	-0.547887	88.584618	0.069418	0.110870	1.8
612	-0.583125	89.584618	0.068790	0.024884	1.8
613	-0.604904	89.897018	0.068596	0.041753	1.8
614	-0.609516	89.430958	0.068886	0.060440	1.9
615	-0.588323	88.664295	0.069367	0.072394	1.5
616	-0.592124	89.663903	0.068741	0.068765	1.6
617	-0.663470	88.882640	0.069229	0.112140	1.9
618	-0.645746	89.882640	0.068605	0.032358	1.8
619	-0.585663	90.873944	0.067997	0.069520	2.3
620	-0.594171	90.595859	0.068167	0.045691	2.0
621	-0.567065	91.556079	0.067585	0.067912	1.6
622	-0.573492	92.367472	0.067101	0.067253	1.7
623	-0.512541	91.586235	0.067567	0.092469	1.7
624	-0.598612	90.804973	0.068039	0.054932	1.7
625	-0.615906	90.023754	0.068518	0.145590	1.7
626	-0.549227	91.023754	0.067906	0.039522	1.9
627	-0.530280	92.021056	0.067307	0.101701	1.5
628	-0.655189	91.399306	0.067679	0.063238	1.8
629	-0.652419	90.618041	0.068153	0.075091	1.5
630	-0.593574	89.836994	0.068633	0.091815	1.5
631	-0.557897	90.836993	0.068020	0.045293	1.7
632	-0.557812	90.669230	0.068122	0.077050	2.1
633	-0.602229	91.206689	0.067796	0.040274	1.5
634	-0.576160	92.201622	0.067200	0.071877	1.5
635	-0.561736	91.424626	0.067664	0.188755	2.3
636	-0.585602	90.643358	0.068138	0.055459	7.2
637	-0.583777	91.643358	0.067533	0.152445	1.9
638	-0.567706	92.643358	0.066938	0.154741	2.2
639	-0.609022	93.643358	0.066355	0.035333	3.0
640	-0.603113	92.862129	0.066810	0.143599	2.6
641	-0.605213	93.861963	0.066228	0.097870	2.7
642	-0.632289	94.861963	0.065657	0.121480	2.0
643	-0.606570	94.080695	0.066102	0.018484	1.9
644	-0.581165	93.998764	0.066150	0.098848	1.6
645	-0.545187	94.683279	0.065758	0.093805	2.1
646	-0.575291	95.683279	0.065195	0.053526	2.0
647	-0.667838	96.683184	0.064641	0.157376	1.7
648	-0.565110	97.683183	0.064096	0.102042	1.6
649	-0.597554	96.901916	0.064521	0.039632	2.6
650	-0.585534	97.901567	0.063978	0.065566	2.2
651	-0.538600	97.795780	0.064035	0.153488	1.6
652	-0.611949	97.014513	0.064459	0.137202	1.6
653	-0.567392	98.014513	0.063918	0.127462	1.7
654	-0.565904	99.014513	0.063385	0.126334	1.6
655	-0.590150	98.233245	0.063800	0.042760	1.6
656	-0.549191	99.233195	0.063270	0.060705	1.7
657	-0.636251	98.456645	0.063681	0.085570	1.7
658	-0.625324	97.675416	0.064100	0.064856	1.5
659	-0.589351	98.675410	0.063565	0.035271	1.6
660	-0.618821	98.460149	0.063679	0.083895	1.7
661	-0.625060	99.458895	0.063151	0.037711	1.5
662	-0.579354	100.443580	0.062639	0.041170	2.1
663	-0.607403	101.261273	0.062220	0.027813	2.1
664	-0.568047	101.749418	0.061973	0.173748	1.9
665	-0.549741	100.968228	0.062370	0.057884	1.6
666	-0.576785	100.186960	0.062772	0.098008	1.8
667	-0.547557	99.440477	0.063161	0.141982	1.7
668	-0.551888	98.659209	0.063573	0.033973	1.7
669	-0.535554	97.878007	0.063991	0.121492	1.6
670	-0.609750	98.874330	0.063459	0.069350	1.5
671	-0.590157	98.093062	0.063875	0.066004	1.8
672	-0.589047	99.086328	0.063347	0.067148	1.8
673	-0.592621	98.484568	0.063666	0.026043	1.9
674	-0.550197	99.203846	0.063285	0.036871	1.8
675	-0.636771	99.099940	0.063340	0.075103	1.6
676	-0.616659	98.385382	0.063719	0.165171	1.7
677	-0.646643	99.369424	0.063198	0.055270	1.7
678	-0.620152	100.369424	0.062677	0.138335	1.7
679	-0.569884	99.588158	0.063083	0.032853	1.5
680	-0.553403	99.190956	0.063292	0.144450	1.5
681	-0.595722	100.143225	0.062794	0.100639	1.5
682	-0.626517	99.361957	0.063202	0.217436	1.7
683	-0.554606	98.580690	0.063615	0.051361	1.7
684	-0.591872	99.579656	0.063088	0.111711	1.5
685	-0.574641	100.579508	0.062569	0.128838	1.7
686	-0.619861	101.579508	0.062059	0.237865	2.8
687	-0.564020	100.798240	0.062457	0.106806	2.4
688	-0.561645	100.016972	0.062860	0.025279	3.0
689	-0.594955	100.925541	0.062391	0.064079	2.5
690	-0.587203	101.785615	0.061954	0.034461	2.4
691	-0.570906	101.105990	0.062299	0.049207	1.9
692	-0.612288	101.909004	0.061892	0.033318	2.0
693	-0.636505	101.200838	0.062251	0.070996	1.5
694	-0.550151	101.848116	0.061923	0.076505	1.6
695	-0.589109	101.066878	0.062319	0.068725	1.8
696	-0.632733	101.926570	0.061883	0.037867	1.5
697	-0.518024	101.148866	0.062277	0.070787	1.6
698	-0.567924	102.145552	0.061773	0.077082	2.8
699	-0.553350	102.183619	0.061754	0.052077	1.8
700	-0.586103	103.179936	0.061259	0.102278	1.7
701	-0.542184	102.450695	0.061621	0.064350	1.5
702	-0.587689	101.683309	0.062006	0.169303	1.8
703	-0.591607	100.902041	0.062403	0.077087	1.5
704	-0.635514	101.902041	0.061896	0.062011	2.0
705	-0.624582	101.581029	0.062058	0.168386	1.5
706	-0.546368	102.580920	0.061556	0.098504	2.0
707	-0.575185	103.580920	0.061062	0.066563	1.8
708	-0.559483	102.799653	0.061447	0.068980	1.6
709	-0.563320	103.799631	0.060955	0.075475	1.6
710	-0.618554	104.799618	0.060470	0.175711	1.9
711	-0.565251	105.799618	0.059993	0.036119	1.6
712	-0.660737	106.799617	0.059524	0.142210	1.5
713	-0.596468	106.018856	0.059890	0.038222	1.5
714	-0.603799	105.797360	0.059994	0.097568	1.8
715	-0.634149	105.072772	0.060339	0.107164	1.7
716	-0.566445	106.072772	0.059864	0.037720	1.9
717	-0.591482	107.072321	0.059397	0.070001	1.9
718	-0.534028	106.293359	0.059760	0.078959	2.1
719	-0.573552	107.293355	0.059295	0.056048	1.8
720	-0.545381	106.512139	0.059658	0.087943	1.7
721	-0.569881	107.512107	0.059194	0.058963	1.7
722	-0.545530	106.730876	0.059556	0.089430	1.4
723	-0.564796	105.949619	0.059922	0.084092	1.9
724	-0.538635	106.949619	0.059454	0.031357	2.2
725	-0.544270	106.171946	0.059818	0.047714	1.8
726	-0.572178	105.453082	0.060158	0.168106	1.6
727	-0.597357	106.453081	0.059686	0.022903	1.8
728	-0.602534	105.684164	0.060048	0.046569	1.8
729	-0.634189	105.899755	0.059946	0.026000	1.5
730	-0.597628	106.772973	0.059536	0.037679	1.6
731	-0.583984	106.143227	0.059831	0.081295	1.8
732	-0.588110	105.369990	0.060197	0.176268	1.8
733	-0.617417	104.588722	0.060572	0.153014	1.5
734	-0.628001	103.807455	0.060951	0.095980	1.7
735	-0.551772	104.807455	0.060466	0.079246	1.7
736	-0.638761	104.026204	0.060844	0.054018	1.9
737	-0.557800	104.987206	0.060380	0.077993	1.5
738	-0.593979	105.686280	0.060047	0.018087	1.9
739	-0.621730	104.990998	0.060378	0.075656	1.6
740	-0.583799	105.449409	0.060159	0.060467	2.5
741	-0.619185	105.316021	0.060223	0.050035	2.4
742	-0.594995	105.917709	0.059937	0.021534	2.7
743	-0.567289	106.091505	0.059855	0.045877	2.4
744	-0.624493	105.925007	0.059934	0.074212	2.9
745	-0.607419	106.656009	0.059591	0.105772	2.9
746	-0.600280	107.656009	0.059128	0.190405	2.8
747	-0.604761	108.656009	0.058672	0.135267	2.0
748	-0.628368	109.656009	0.058222	0.199444	1.7
749	-0.602678	110.656009	0.057780	0.036499	1.7
750	-0.608322	109.874847	0.058125	0.113680	1.7
751	-0.616763	109.423769	0.058326	0.088112	2.1
752	-0.595437	108.642501	0.058678	0.058667	2.0
753	-0.542555	109.640568	0.058229	0.072282	1.6
754	-0.668620	108.859976	0.058579	0.071059	2.5
755	-0.592498	108.745114	0.058631	0.141030	1.9
756	-0.640086	109.745114	0.058183	0.190093	2.0
757	-0.609058	110.745114	0.057741	0.070413	1.7
758	-0.547660	109.963846	0.058086	0.038399	1.9
759	-0.571158	109.204037	0.058425	0.121237	2.0
760	-0.571075	110.199806	0.057981	0.031679	1.7
761	-0.588563	111.194955	0.057545	0.053923	1.9
762	-0.642504	110.670874	0.057774	0.056625	2.0
763	-0.615772	111.669656	0.057339	0.033205	1.7
764	-0.591013	112.639460	0.056923	0.045263	1.7
765	-0.618576	113.515868	0.056552	0.105478	1.5
766	-0.595101	114.515838	0.056134	0.079475	1.8
767	-0.572440	115.515123	0.055724	0.055920	2.0
768	-0.553796	116.502360	0.055324	0.023406	1.7
769	-0.613428	116.805938	0.055202	0.156185	1.7
770	-0.584930	116.026363	0.055516	0.032614	1.5
771	-0.580602	115.245325	0.055834	0.019540	2.0
772	-0.634497	114.723495	0.056049	0.096416	1.8
773	-0.607773	115.638776	0.055673	0.034327	1.5
774	-0.565106	116.631100	0.055272	0.026121	1.6
775	-0.627386	116.122404	0.055477	0.107530	1.7
776	-0.601072	117.116419	0.055078	0.094483	1.8
777	-0.595590	118.116419	0.054682	0.038411	1.7
778	-0.614217	117.335520	0.054990	0.184597	1.9
779	-0.636661	118.335517	0.054596	0.037024	1.7
780	-0.648348	117.554253	0.054904	0.058246	1.8
781	-0.626908	116.790425	0.055208	0.034461	1.6
782	-0.573594	117.775735	0.054816	0.049872	17.4
783	-0.570624	117.065803	0.055098	0.126757	2.3
784	-0.585256	116.284627	0.055411	0.038327	2.2
785	-0.576142	115.503413	0.055728	0.037787	3.2
786	-0.518601	115.826473	0.055597	0.033746	2.8
787	-0.641134	116.343536	0.055387	0.035445	1.5
788	-0.611920	117.085867	0.055090	0.038338	1.6
789	-0.609274	116.381284	0.055372	0.111504	1.7
790	-0.520390	117.380755	0.054972	0.067160	2.2
791	-0.520897	118.112521	0.054683	0.095531	1.6
792	-0.598148	118.683056	0.054460	0.091967	1.5
793	-0.570252	119.683056	0.054073	0.054478	1.7
794	-0.654784	118.902266	0.054374	0.083808	2.7
795	-0.607544	119.901808	0.053989	0.037160	1.8
796	-0.558299	120.900516	0.053609	0.068202	2.4
797	-0.612814	120.125199	0.053903	0.070736	1.5
798	-0.640501	119.343941	0.054203	0.097457	1.5
799	-0.595773	120.343940	0.053820	0.086863	1.8
800	-0.686234	119.562672	0.054119	0.216540	1.7
801	-0.596438	118.781405	0.054421	0.153102	1.6
802	-0.594932	119.781405	0.054035	0.028835	1.8
803	-0.616442	120.781334	0.053654	0.112588	1.7
804	-0.578285	121.779860	0.053279	0.054553	1.6
805	-0.563980	122.779843	0.052908	0.025071	1.5
806	-0.580381	123.613397	0.052603	0.072323	1.6
807	-0.567107	122.947303	0.052847	0.112679	1.9
808	-0.609357	122.166036	0.053135	0.032369	1.9
809	-0.614177	122.854902	0.052880	0.049794	1.7
810	-0.554172	122.924646	0.052855	0.037785	1.7
811	-0.617455	122.178071	0.053130	0.070854	1.7
812	-0.609206	121.398608	0.053421	0.092896	1.9
813	-0.588506	122.398607	0.053049	0.046670	1.7
814	-0.593307	121.617997	0.053339	0.058113	1.9
815	-0.562423	122.615303	0.052969	0.052156	1.6
816	-0.558592	122.581495	0.052981	0.078945	1.7
817	-0.589671	122.948405	0.052846	0.065832	1.5
818	-0.564787	122.167162	0.053134	0.034816	1.7
819	-0.615262	121.397596	0.053422	0.104978	1.8
820	-0.629711	120.628235	0.053712	0.074745	1.9
821	-0.597254	121.628235	0.053335	0.057242	1.7
822	-0.611806	122.628060	0.052964	0.017217	2.0
823	-0.570531	122.258744	0.053101	0.016780	1.6
824	-0.561806	122.443254	0.053032	0.123172	1.7
825	-0.575882	121.671834	0.053319	0.102868	1.6
826	-0.575490	122.671834	0.052948	0.083891	1.6
827	-0.610406	121.890566	0.053237	0.056579	1.7
828	-0.591266	121.109320	0.053530	0.055992	1.9
829	-0.605531	120.334362	0.053824	0.037055	1.6
830	-0.657574	120.880214	0.053616	0.102803	1.8
831	-0.603918	121.858430	0.053249	0.071309	1.7
832	-0.593713	121.077167	0.053542	0.047172	1.8
833	-0.560396	122.076736	0.053168	0.127371	1.6
834	-0.568109	123.076732	0.052799	0.035876	2.0
835	-0.630562	122.295603	0.053087	0.046894	1.6
836	-0.596361	121.832163	0.053259	0.066323	2.3
837	-0.610097	122.792228	0.052904	0.034896	2.4
838	-0.590369	122.059958	0.053174	0.161930	2.9
839	-0.555833	123.047005	0.052810	0.034027	2.5
840	-0.538422	123.915055	0.052494	0.073916	1.9
841	-0.586698	123.929218	0.052488	0.067695	1.7
842	-0.577641	123.148654	0.052773	0.059278	1.8
843	-0.606640	123.693803	0.052574	0.035403	2.4
844	-0.582725	122.939910	0.052849	0.154618	1.9
845	-0.588914	122.163489	0.053136	0.045171	1.8
846	-0.637074	123.163489	0.052767	0.182836	1.7
847	-0.571469	124.163489	0.052404	0.043732	1.5
848	-0.568460	125.158920	0.052047	0.105753	2.0
849	-0.610675	124.572152	0.052257	0.123897	1.7
850	-0.618845	123.790884	0.052539	0.043296	1.9
851	-0.629733	124.790839	0.052178	0.066140	2.4
852	-0.554046	125.788933	0.051823	0.085918	1.8
853	-0.553754	126.788931	0.051473	0.082769	1.6
854	-0.639558	127.783280	0.051129	0.080084	1.7
855	-0.592610	128.685525	0.050821	0.085609	1.7
856	-0.625434	127.904258	0.051087	0.033307	1.7
857	-0.551694	128.218726	0.050980	0.047374	1.8
858	-0.582734	128.216256	0.050980	0.073822	1.9
859	-0.637338	127.486994	0.051231	0.049230	1.9
860	-0.620749	128.469247	0.050894	0.087156	1.5
861	-0.620199	129.469139	0.050556	0.178299	1.8
862	-0.608962	128.687871	0.050820	0.017359	1.7
863	-0.627081	129.523032	0.050538	0.116161	1.9
864	-0.607649	128.818569	0.050776	0.072735	1.8
865	-0.572471	128.038117	0.051041	0.134474	1.8
866	-0.590250	129.033875	0.050703	0.020010	1.7
867	-0.609496	129.317058	0.050607	0.034048	1.7
868	-0.553216	129.790352	0.050448	0.140722	1.8
869	-0.576471	129.009287	0.050711	0.114112	1.8
870	-0.600202	128.228020	0.050976	0.223109	1.9
871	-0.576345	127.446752	0.051245	0.225300	1.8
872	-0.558373	128.446752	0.050902	0.122694	2.0
873	-0.647071	129.446752	0.050563	0.035297	2.0
874	-0.576324	130.446122	0.050230	0.036500	1.8
875	-0.603415	130.591207	0.050182	0.046902	1.8
876	-0.587004	130.104245	0.050343	0.096676	1.8
877	-0.569481	129.323005	0.050605	0.019957	1.8
878	-0.623689	129.974724	0.050387	0.064450	1.9
879	-0.585846	129.485950	0.050550	0.062952	1.5
880	-0.586071	128.704881	0.050814	0.050709	1.5
881	-0.626444	128.162782	0.050999	0.098785	2.0
882	-0.611065	127.381519	0.051267	0.068731	2.0
883	-0.607253	126.608533	0.051536	0.015561	1.6
884	-0.576752	127.103953	0.051363	0.023824	2.0
885	-0.596992	126.907110	0.051432	0.068797	1.7
886	-0.588249	126.151365	0.051696	0.070317	1.9
887	-0.594454	125.370259	0.051972	0.127828	1.7
888	-0.592792	124.588991	0.052251	0.105180	1.7
889	-0.573782	123.807723	0.052533	0.078174	2.4
890	-0.548686	124.807723	0.052172	0.023093	2.3
891	-0.580095	124.716100	0.052205	0.070331	3.4
892	-0.570920	123.971038	0.052473	0.086056	2.3
893	-0.577348	124.860083	0.052153	0.042615	3.1
894	-0.605741	124.079155	0.052434	0.073573	2.9
895	-0.582414	123.298587	0.052718	0.069450	1.9
896	-0.586963	124.298497	0.052355	0.060427	1.5
897	-0.548460	123.517643	0.052638	0.022423	2.8
898	-0.643352	123.096484	0.052792	0.146238	1.7
899	-0.581013	124.089522	0.052430	0.046119	2.0
900	-0.590900	125.087540	0.052072	0.027944	1.8
901	-0.598995	125.653445	0.051871	0.190648	1.8
902	-0.663014	126.653431	0.051520	0.031318	1.5
903	-0.574626	126.711437	0.051500	0.071247	1.7
904	-0.593971	127.657110	0.051172	0.090641	1.5
905	-0.588078	128.657105	0.050830	0.066696	2.5
906	-0.626176	129.656996	0.050493	0.035807	1.7
907	-0.639677	129.276695	0.050621	0.040326	1.9
908	-0.603223	128.734332	0.050804	0.044988	1.7
909	-0.569459	128.145802	0.051005	0.049815	1.7
910	-0.628176	127.395925	0.051262	0.054280	1.5
911	-0.619715	126.626133	0.051530	0.180724	1.5
912	-0.619831	127.626133	0.051183	0.041941	1.5
913	-0.609901	126.849482	0.051452	0.050842	1.5
914	-0.603591	126.075042	0.051723	0.030535	1.6
915	-0.576728	126.973136	0.051409	0.049642	1.8
916	-0.546156	126.220574	0.051672	0.137770	2.2
917	-0.534477	125.440424	0.051947	0.071455	2.2
918	-0.533008	126.440424	0.051594	0.081043	1.7
919	-0.603631	125.659159	0.051869	0.035640	1.6
920	-0.589625	126.151801	0.051696	0.031822	1.7
921	-0.641822	125.444372	0.051945	0.025708	1.8
922	-0.653285	125.613069	0.051886	0.157375	1.8
923	-0.676678	124.836830	0.052162	0.115258	1.6
924	-0.574796	125.836830	0.051807	0.063052	1.9
925	-0.601339	125.055562	0.052084	0.089925	1.6
926	-0.635079	124.274305	0.052364	0.115261	1.5
927	-0.579920	125.274304	0.052006	0.013285	1.5
928	-0.594492	124.580879	0.052254	0.079373	1.7
929	-0.596640	123.994716	0.052465	0.101880	1.5
930	-0.620073	124.994715	0.052105	0.057510	1.5
931	-0.534168	125.803364	0.051818	0.041294	1.8
932	-0.567619	126.229567	0.051668	0.050111	1.7
933	-0.577397	125.456764	0.051941	0.034332	1.9
934	-0.562232	124.724872	0.052202	0.140296	2.1
935	-0.612067	125.724780	0.051846	0.018068	2.2
936	-0.565904	124.946003	0.052123	0.108859	2.1
937	-0.607804	124.201022	0.052390	0.031391	1.7
938	-0.578752	125.098589	0.052068	0.027354	1.5
939	-0.579013	125.614589	0.051885	0.064661	2.1
940	-0.590308	125.575128	0.051899	0.054888	2.4
941	-0.563922	126.504824	0.051572	0.037172	2.3
942	-0.614475	125.750966	0.051837	0.138702	3.0
943	-0.568871	126.750962	0.051486	0.044938	2.4
944	-0.595039	125.969697	0.051760	0.113968	2.1
945	-0.579770	125.188447	0.052036	0.084053	2.0
946	-0.587230	124.407179	0.052316	0.108105	2.0
947	-0.608448	125.407179	0.051959	0.044740	1.6
948	-0.570418	125.092891	0.052070	0.108184	1.8
949	-0.657806	124.675811	0.052219	0.038650	2.0
950	-0.610243	125.579057	0.051898	0.060131	1.9
951	-0.552615	124.805941	0.052173	0.065042	1.7
952	-0.660135	124.029109	0.052452	0.068829	1.5
953	-0.630406	125.014255	0.052098	0.047914	2.5
954	-0.553278	125.736390	0.051842	0.055496	1.5
955	-0.613152	124.967249	0.052115	0.035381	1.8
956	-0.577182	125.775157	0.051828	0.066400	1.7
957	-0.576999	125.132164	0.052056	0.108643	1.7
958	-0.608242	126.132158	0.051703	0.096296	1.5
959	-0.655657	125.350891	0.051979	0.111427	1.6
960	-0.618390	126.350891	0.051626	0.079434	1.5
961	-0.566468	127.350891	0.051278	0.085501	2.3
962	-0.595026	128.350858	0.050935	0.069091	1.7
963	-0.569694	129.344814	0.050598	0.037380	1.8
964	-0.591620	129.660072	0.050492	0.123434	1.8
965	-0.624663	130.660056	0.050159	0.041825	1.6
966	-0.572388	130.164023	0.050324	0.112419	1.7
967	-0.604103	129.671207	0.050488	0.075834	1.6
968	-0.593862	128.889940	0.050751	0.035952	1.8
969	-0.601259	129.878114	0.050419	0.019916	2.0
970	-0.572953	129.639580	0.050499	0.097788	2.1
971	-0.633087	130.480013	0.050219	0.050062	1.5
972	-0.538728	129.698750	0.050479	0.199201	1.8
973	-0.582404	128.917482	0.050742	0.119412	1.9
974	-0.591740	129.917482	0.050406	0.062676	1.5
975	-0.653506	130.917482	0.050074	0.054807	1.7
976	-0.531764	131.913749	0.049748	0.010951	1.7
977	-0.592013	132.341044	0.049609	0.062161	1.8
978	-0.567492	132.428157	0.049581	0.070964	1.7
979	-0.573520	131.658239	0.049831	0.103244	1.8
980	-0.583469	132.658238	0.049507	0.119271	1.7
981	-0.609990	133.658238	0.049187	0.084470	1.5
982	-0.559771	134.658238	0.048871	0.002306	1.5
983	-0.568042	134.473854	0.048929	0.023345	1.7
984	-0.625071	134.461406	0.048932	0.086827	1.7
985	-0.650477	135.177087	0.048708	0.039510	1.8
986	-0.569991	134.396060	0.048953	0.079095	1.5
987	-0.545297	135.395162	0.048640	0.041517	1.7
988	-0.629938	136.366926	0.048340	0.023021	1.7
989	-0.579206	135.836743	0.048503	0.062170	1.9
990	-0.584445	135.881989	0.048489	0.056775	1.6
991	-0.577100	136.876920	0.048184	0.071834	1.7
992	-0.599247	136.097210	0.048423	0.007674	1.5
993	-0.585916	135.910458	0.048481	0.045426	2.3
994	-0.569581	135.993161	0.048455	0.019283	2.4
995	-0.641909	135.867833	0.048494	0.059739	3.0
996	-0.639876	135.500524	0.048608	0.031499	2.3
997	-0.567266	134.746346	0.048843	0.061736	2.0
998	-0.609532	135.728661	0.048537	0.069962	1.5
999	-0.603029	135.113180	0.048728	0.048987	2.2
