1:ItNr	2:Metric	3a:Time	3b:StepSize	4:||Gradient||	Time[ms]
0	-0.592171	0.000000	0.225205	0.087943	822.2
1	-0.601899	0.000000	0.225205	0.045596	1.6
2	-0.589628	0.000000	0.225205	0.012506	1.5
3	-0.569989	0.299597	0.222037	0.029300	1.5
4	-0.556892	0.415967	0.220831	0.096094	1.7
5	-0.617666	1.088497	0.214107	0.069035	1.7
6	-0.616350	0.261245	0.222438	0.248291	1.6
7	-0.602672	1.261245	0.212446	0.050073	1.5
8	-0.570221	2.255694	0.203361	0.144814	1.6
9	-0.557919	1.469170	0.210480	0.081516	1.7
10	-0.576085	0.641066	0.218534	0.051542	1.5
11	-0.521604	0.000000	0.225205	0.112447	1.7
12	-0.618275	0.000000	0.225205	0.059721	1.5
13	-0.584879	0.993946	0.215028	0.078479	1.5
14	-0.587321	0.189240	0.223194	0.098554	1.5
15	-0.568567	1.180901	0.213215	0.026759	1.5
16	-0.626317	0.879003	0.216157	0.057582	1.5
17	-0.564832	1.396535	0.211162	0.129635	1.5
18	-0.599863	0.569709	0.219257	0.016964	1.7
19	-0.529899	1.398340	0.211145	0.060572	1.6
20	-0.590701	0.965610	0.215305	0.171115	1.7
21	-0.597607	0.137509	0.223740	0.125133	1.5
22	-0.642415	0.000000	0.225205	0.120164	1.5
23	-0.571973	0.000000	0.225205	0.160792	1.6
24	-0.635788	1.000000	0.214969	0.122783	1.5
25	-0.573529	0.171893	0.223377	0.047017	1.5
26	-0.598012	1.050475	0.214476	0.027939	1.6
27	-0.595353	1.600590	0.209256	0.072110	1.5
28	-0.681671	1.829650	0.207156	0.036494	1.8
29	-0.578112	1.394489	0.211182	0.150720	1.6
30	-0.604766	2.000507	0.205618	0.172096	1.5
31	-0.617928	3.000507	0.197050	0.052544	1.5
32	-0.649668	2.215383	0.203714	0.189088	1.5
33	-0.609936	3.213637	0.195316	0.148868	1.5
34	-0.596065	4.213637	0.187569	0.036021	1.5
35	-0.553554	3.690298	0.191545	0.035321	7.5
36	-0.524673	4.006110	0.189126	0.065387	3.5
37	-0.607890	3.346148	0.194253	0.044902	2.3
38	-0.587284	4.077026	0.188591	0.114738	2.1
39	-0.593260	3.273432	0.194835	0.052782	8.2
40	-0.563860	4.247466	0.187318	0.014695	3.8
41	-0.602038	4.392444	0.186249	0.082068	1.9
42	-0.606293	4.185624	0.187778	0.071385	2.6
43	-0.549511	3.358829	0.194152	0.033420	1.6
44	-0.568301	4.175265	0.187855	0.025097	1.6
45	-0.564241	3.849100	0.190321	0.042658	2.7
46	-0.564134	3.922429	0.189761	0.055713	1.7
47	-0.597521	3.238955	0.195112	0.037335	1.5
48	-0.622253	3.518368	0.192888	0.102752	1.5
49	-0.595201	3.325058	0.194421	0.094280	1.6
50	-0.580132	2.496966	0.201273	0.149317	2.2
51	-0.653433	1.668859	0.208626	0.037398	3.6
52	-0.594141	0.852004	0.216424	0.099455	2.9
53	-0.583483	1.684895	0.208478	0.032817	1.9
54	-0.595331	0.911437	0.215837	0.034591	1.5
55	-0.548213	1.351816	0.211585	0.055573	1.5
56	-0.578435	1.960293	0.205978	0.051909	1.7
57	-0.586543	1.269993	0.212362	0.143009	1.7
58	-0.589349	0.444448	0.220538	0.081618	1.9
59	-0.562190	0.268009	0.222367	0.098650	1.6
60	-0.557219	0.000000	0.225205	0.022327	2.3
61	-0.572910	0.540713	0.219552	0.081774	1.7
62	-0.658202	0.943245	0.215525	0.045619	1.6
63	-0.610193	0.134139	0.223776	0.100958	1.8
64	-0.578736	1.120226	0.213800	0.020258	1.7
65	-0.624163	0.448113	0.220500	0.062844	1.7
66	-0.617898	0.000000	0.225205	0.056505	1.5
67	-0.617802	0.444464	0.220537	0.197757	1.5
68	-0.625983	1.428736	0.210859	0.021989	1.9
69	-0.611368	0.786361	0.217077	0.133822	1.7
70	-0.579420	1.258202	0.212475	0.039358	1.9
71	-0.662073	0.533696	0.219624	0.112670	1.7
72	-0.606131	0.000000	0.225205	0.105953	1.6
73	-0.552002	0.999997	0.214969	0.047073	1.5
74	-0.585654	1.994345	0.205673	0.068725	1.8
75	-0.522503	2.918124	0.197729	0.112888	1.7
76	-0.606549	2.090715	0.204814	0.075534	1.7
77	-0.560188	1.262817	0.212431	0.096825	1.9
78	-0.587494	0.959118	0.215369	0.022954	1.9
79	-0.592787	1.446054	0.210697	0.145697	1.5
80	-0.642273	2.269156	0.203244	0.045548	1.8
81	-0.550744	3.251670	0.195010	0.046948	1.5
82	-0.644025	4.047610	0.188813	0.025952	1.6
83	-0.654731	3.694349	0.191514	0.093593	1.5
84	-0.558457	4.507116	0.185411	0.023915	1.5
85	-0.639106	3.807802	0.190638	0.144206	1.5
86	-0.574889	3.002677	0.197033	0.042240	2.4
87	-0.609860	2.658185	0.199902	0.177133	1.7
88	-0.540798	3.114405	0.196120	0.021394	2.3
89	-0.554589	4.088834	0.188502	0.069557	2.6
90	-0.596730	3.759418	0.191010	0.028143	2.4
91	-0.619671	3.093120	0.196293	0.078068	1.5
92	-0.626047	2.638041	0.200072	0.049712	1.6
93	-0.571706	1.867502	0.206813	0.106342	2.5
94	-0.638936	2.860406	0.198207	0.111043	1.5
95	-0.602687	2.032301	0.205334	0.067423	1.5
96	-0.603307	1.204666	0.212987	0.123430	1.5
97	-0.559842	0.376625	0.221237	0.034049	1.8
98	-0.595854	0.735737	0.217582	0.077827	1.5
99	-0.591893	1.395218	0.211175	0.041152	1.6
100	-0.623607	0.691895	0.218022	0.036655	1.6
101	-0.554911	0.632954	0.218616	0.113270	1.7
102	-0.556759	0.038783	0.224790	0.033126	2.5
103	-0.525526	0.000000	0.225205	0.139612	2.0
104	-0.577702	0.000000	0.225205	0.076602	1.5
105	-0.627874	0.000000	0.225205	0.024871	1.7
106	-0.544844	0.599652	0.218953	0.090177	1.5
107	-0.559002	0.069895	0.224458	0.117017	1.5
108	-0.588858	0.000000	0.225205	0.057786	1.5
109	-0.645297	0.000000	0.225205	0.141880	1.7
110	-0.607390	0.000000	0.225205	0.046257	1.7
111	-0.555833	0.000000	0.225205	0.028970	1.8
112	-0.577444	0.353660	0.221475	0.110020	1.7
113	-0.592396	1.300622	0.212071	0.030852	1.5
114	-0.602608	0.534354	0.219617	0.029759	1.6
115	-0.569027	0.821686	0.216725	0.022477	1.6
116	-0.622508	0.709124	0.217849	0.107985	1.6
117	-0.630643	1.171233	0.213308	0.312611	1.5
118	-0.545601	0.343126	0.221585	0.050737	1.5
119	-0.593044	1.342698	0.211671	0.063330	1.5
120	-0.603359	1.897643	0.206541	0.053327	1.6
121	-0.534616	1.300413	0.212073	0.067688	1.5
122	-0.613267	2.210985	0.203753	0.093689	1.5
123	-0.599586	3.203189	0.195400	0.040448	1.6
124	-0.602583	4.112364	0.188326	0.142831	1.6
125	-0.534043	3.286108	0.194733	0.064293	1.6
126	-0.587647	4.286010	0.187033	0.063282	1.8
127	-0.586745	3.802342	0.190680	0.033477	1.7
128	-0.567039	3.654379	0.191824	0.045185	1.9
129	-0.634560	4.003544	0.189145	0.191422	1.6
130	-0.571876	5.002855	0.181876	0.054292	1.6
131	-0.633797	6.002840	0.175141	0.108890	1.7
132	-0.588983	5.181929	0.180633	0.116302	1.5
133	-0.574990	4.356576	0.186512	0.173789	1.5
134	-0.615339	5.356576	0.179436	0.062321	1.6
135	-0.636033	6.340087	0.172981	0.070035	1.5
136	-0.588271	5.811158	0.176393	0.082673	1.6
137	-0.614001	4.986122	0.181994	0.072236	1.7
138	-0.589945	5.053226	0.181525	0.052571	1.5
139	-0.582729	5.462503	0.178717	0.051048	1.5
140	-0.596859	5.895677	0.175839	0.097190	1.5
141	-0.562473	6.852936	0.169796	0.098795	1.7
142	-0.620534	7.852785	0.163912	0.069236	1.6
143	-0.572586	8.849430	0.158439	0.101862	1.6
144	-0.605132	9.847472	0.153313	0.036555	1.4
145	-0.597526	10.817132	0.148640	0.155743	1.9
146	-0.646449	9.991306	0.152601	0.211528	2.5
147	-0.616568	10.991306	0.147831	0.136426	2.3
148	-0.559739	10.163199	0.151759	0.106618	1.6
149	-0.586296	9.335093	0.155902	0.114348	1.5
150	-0.531746	8.506986	0.160278	0.043721	1.7
151	-0.566907	9.106640	0.157085	0.057579	2.2
152	-0.568845	9.970325	0.152704	0.076348	1.8
153	-0.582344	9.564292	0.154733	0.157166	1.6
154	-0.537494	10.564291	0.149831	0.033847	1.6
155	-0.585054	11.551826	0.145285	0.043478	2.2
156	-0.604948	12.241090	0.142273	0.050701	1.7
157	-0.613421	11.554695	0.145273	0.066257	1.6
158	-0.566569	10.775352	0.148836	0.119719	1.5
159	-0.569828	9.947418	0.152818	0.028271	1.6
160	-0.632234	10.821616	0.148619	0.067666	1.5
161	-0.554656	10.808695	0.148680	0.076086	1.6
162	-0.666953	11.800217	0.144185	0.124631	1.5
163	-0.599330	12.800182	0.139920	0.088846	1.7
164	-0.619631	11.972089	0.143434	0.054864	1.6
165	-0.614380	11.163161	0.147041	0.025171	1.5
166	-0.648873	10.955571	0.147996	0.039041	1.5
167	-0.618008	10.591320	0.149703	0.079598	1.5
168	-0.588559	10.385026	0.150687	0.111518	1.5
169	-0.571985	9.557865	0.154766	0.057266	1.5
170	-0.595868	8.730626	0.159072	0.051353	1.5
171	-0.673517	9.665332	0.154223	0.063043	1.5
172	-0.621413	10.618485	0.149574	0.084698	1.6
173	-0.583364	9.794443	0.153577	0.030233	1.8
174	-0.582422	9.284977	0.156160	0.021833	1.5
175	-0.705392	9.583017	0.154638	0.099318	1.7
176	-0.617005	9.098012	0.157130	0.054175	1.7
177	-0.539051	9.931075	0.152898	0.055622	1.9
178	-0.634985	9.315618	0.156002	0.080724	2.0
179	-0.603513	10.303134	0.151081	0.043229	1.6
180	-0.548651	9.506710	0.155025	0.154521	1.5
181	-0.629908	9.336886	0.155893	0.055833	1.5
182	-0.610952	8.513626	0.160241	0.201412	2.2
183	-0.563329	7.685521	0.164867	0.057367	1.5
184	-0.596873	8.083661	0.162610	0.112556	1.5
185	-0.606974	7.443034	0.166273	0.019002	1.6
186	-0.616550	7.228106	0.167539	0.105796	1.5
187	-0.542136	7.071148	0.168476	0.046815	1.5
188	-0.606659	8.065244	0.162714	0.024115	1.5
189	-0.556441	8.124442	0.162383	0.047153	1.5
190	-0.536591	8.143044	0.162279	0.056774	1.5
191	-0.546718	8.949104	0.157911	0.108332	1.8
192	-0.601941	8.140607	0.162293	0.074315	1.5
193	-0.591081	7.675555	0.164925	0.023517	1.5
194	-0.568922	8.304358	0.161386	0.063936	1.7
195	-0.518905	7.818403	0.164107	0.078627	2.1
196	-0.624107	8.751334	0.158961	0.057302	1.7
197	-0.635680	9.678750	0.154156	0.037585	1.5
198	-0.596526	8.980157	0.157748	0.061611	1.5
199	-0.598931	9.411155	0.155512	0.083502	1.7
200	-0.565945	8.608284	0.159729	0.050949	2.1
201	-0.608237	9.373956	0.155703	0.050188	1.5
202	-0.545602	10.239787	0.151387	0.041060	1.5
203	-0.566589	9.739530	0.153851	0.133223	2.3
204	-0.537383	10.736139	0.149020	0.128315	2.5
205	-0.579270	9.908032	0.153012	0.102443	2.3
206	-0.606683	9.079925	0.157225	0.069775	1.5
207	-0.519023	8.255243	0.161657	0.018969	1.6
208	-0.628870	7.775103	0.164354	0.029191	2.2
209	-0.619605	7.708576	0.164735	0.092514	1.6
210	-0.567015	8.321782	0.161290	0.069589	2.1
211	-0.574346	7.689460	0.164845	0.224469	1.6
212	-0.544699	8.689460	0.159292	0.054789	2.1
213	-0.605184	7.861380	0.163863	0.036905	1.7
214	-0.588076	7.826708	0.164060	0.039657	1.5
215	-0.635516	8.235990	0.161763	0.098531	1.7
216	-0.580328	7.423340	0.166388	0.106045	2.5
217	-0.621080	6.595247	0.171381	0.040079	1.6
218	-0.624264	7.558504	0.165601	0.089056	1.5
219	-0.547762	6.807675	0.170072	0.080551	1.5
220	-0.613559	5.984641	0.175259	0.033853	1.5
221	-0.564201	6.355788	0.172881	0.111220	1.5
222	-0.582764	6.235848	0.173643	0.116090	1.5
223	-0.574131	5.407747	0.179088	0.069720	1.7
224	-0.586892	6.401420	0.172594	0.066338	1.6
225	-0.566191	5.582065	0.177913	0.130217	1.8
226	-0.590857	6.581941	0.171464	0.080703	2.0
227	-0.591420	5.753844	0.176771	0.141449	1.6
228	-0.590234	4.926079	0.182415	0.057324	1.5
229	-0.597557	5.272034	0.180013	0.137017	1.5
230	-0.585202	4.552159	0.185084	0.034690	1.6
231	-0.571544	5.543428	0.178172	0.036092	1.5
232	-0.664694	5.961269	0.175411	0.184208	1.5
233	-0.626332	6.901100	0.169503	0.192768	1.5
234	-0.544065	6.072993	0.174687	0.031565	1.8
235	-0.608563	5.300052	0.179821	0.107738	1.6
236	-0.577517	5.311019	0.179746	0.078916	1.5
237	-0.581421	4.483020	0.185587	0.256728	1.6
238	-0.627014	5.483020	0.178579	0.021043	1.7
239	-0.476969	6.470859	0.172157	0.079497	1.6
240	-0.623799	7.085657	0.168389	0.102174	1.5
241	-0.579626	8.048312	0.162808	0.042784	1.6
242	-0.581928	8.325498	0.161269	0.083716	1.6
243	-0.584869	7.711529	0.164718	0.088354	1.6
244	-0.647246	8.710139	0.159182	0.046784	1.6
245	-0.562253	7.901659	0.163634	0.062398	1.5
246	-0.616135	7.387612	0.166598	0.065956	1.7
247	-0.596855	6.970799	0.169080	0.042332	1.6
248	-0.591308	6.266244	0.173449	0.108884	1.5
249	-0.577534	7.117797	0.168196	0.048502	1.5
250	-0.626456	6.295636	0.173262	0.087336	1.5
251	-0.588546	5.516783	0.178351	0.066868	1.5
252	-0.625173	5.881276	0.175933	0.137346	1.7
253	-0.616626	5.053199	0.181525	0.056328	1.7
254	-0.595279	6.052753	0.174818	0.075113	1.5
255	-0.602443	7.038617	0.168671	0.071084	1.5
256	-0.573715	6.213439	0.173786	0.085517	1.5
257	-0.577558	7.206214	0.167669	0.034413	1.7
258	-0.556484	8.106658	0.162482	0.067132	1.5
259	-0.629830	7.385721	0.166609	0.140727	1.5
260	-0.623970	8.385670	0.160939	0.062661	2.7
261	-0.563025	9.384441	0.155649	0.051806	2.6
262	-0.586748	9.240681	0.156389	0.035712	2.3
263	-0.578848	9.045541	0.157405	0.149119	1.7
264	-0.535143	8.290645	0.161461	0.138479	1.6
265	-0.561700	9.290645	0.156131	0.024360	2.0
266	-0.571546	9.791607	0.153591	0.165052	1.6
267	-0.586119	9.337405	0.155890	0.093550	1.5
268	-0.562229	8.509762	0.160262	0.049732	2.5
269	-0.513874	9.080976	0.157219	0.064700	1.7
270	-0.618005	9.491763	0.155101	0.034827	1.6
271	-0.597117	9.083876	0.157204	0.088787	1.9
272	-0.567033	9.978268	0.152665	0.063637	1.7
273	-0.600140	10.975620	0.147904	0.111643	1.5
274	-0.562936	10.155897	0.151795	0.113180	1.8
275	-0.613683	9.328348	0.155937	0.076766	1.5
276	-0.622176	8.500298	0.160314	0.183050	1.7
277	-0.613742	9.500297	0.155058	0.028244	1.6
278	-0.578638	9.136570	0.156929	0.093759	1.5
279	-0.568074	9.709444	0.154002	0.013573	1.5
280	-0.582667	9.843235	0.153334	0.042471	1.6
281	-0.605737	9.860981	0.153246	0.042471	1.5
282	-0.638543	9.335145	0.155902	0.062196	1.7
283	-0.618011	8.922936	0.158050	0.068464	1.5
284	-0.530260	9.903158	0.153036	0.093094	1.4
285	-0.542126	9.077626	0.157237	0.055585	1.7
286	-0.566623	9.890583	0.153099	0.016299	1.8
287	-0.635085	10.242221	0.151376	0.053401	1.6
288	-0.595514	9.931179	0.152898	0.117825	1.5
289	-0.617940	10.929646	0.148117	0.043042	1.5
290	-0.528250	11.405651	0.145941	0.072859	1.5
291	-0.596327	10.654679	0.149403	0.114232	1.6
292	-0.627114	11.177812	0.146974	0.034726	2.0
293	-0.655635	10.736755	0.149017	0.129689	1.6
294	-0.586440	11.708114	0.144591	0.118851	1.6
295	-0.585276	10.880007	0.148347	0.043781	1.8
296	-0.556689	11.841201	0.144005	0.136820	1.5
297	-0.594054	11.024025	0.147680	0.023541	1.5
298	-0.588538	11.252157	0.146635	0.050052	1.4
299	-0.630113	11.448496	0.145748	0.116883	1.7
300	-0.651966	12.429392	0.141472	0.072576	1.6
301	-0.610376	11.602222	0.145061	0.150143	1.6
302	-0.610074	12.601856	0.140745	0.028188	1.5
303	-0.608517	13.561230	0.136839	0.085845	1.5
304	-0.604546	12.899327	0.139510	0.028442	1.9
305	-0.571069	12.871265	0.139626	0.067090	1.7
306	-0.578659	12.597490	0.140764	0.119726	1.5
307	-0.567395	11.769655	0.144320	0.092149	1.6
308	-0.626095	10.941552	0.148061	0.058179	1.5
309	-0.642810	10.139554	0.151875	0.079822	1.8
310	-0.514911	11.115494	0.147259	0.051029	1.5
311	-0.572365	10.333185	0.150936	0.236061	1.7
312	-0.583329	9.505109	0.155033	0.118059	1.6
313	-0.576945	10.505109	0.150112	0.116376	1.7
314	-0.600846	11.505091	0.145494	0.044820	1.6
315	-0.649992	10.842593	0.148521	0.073726	1.6
316	-0.632911	10.066221	0.152233	0.067146	1.7
317	-0.602704	9.764419	0.153727	0.086704	1.7
318	-0.638225	8.970493	0.157799	0.006484	2.4
319	-0.609414	8.857383	0.158397	0.080031	2.4
320	-0.600343	9.134100	0.156942	0.075041	1.6
321	-0.595075	10.119286	0.151974	0.104032	1.9
322	-0.548641	11.116313	0.147256	0.214575	1.6
323	-0.604300	12.116313	0.142809	0.146958	1.7
324	-0.615141	11.288206	0.146472	0.051031	1.6
325	-0.548448	12.287390	0.142075	0.069911	1.9
326	-0.572755	11.494167	0.145543	0.134725	2.0
327	-0.638715	10.666872	0.149346	0.036984	1.6
328	-0.590038	11.627335	0.144949	0.041652	1.5
329	-0.543115	11.308354	0.146380	0.048570	1.6
330	-0.595191	10.877485	0.148359	0.024384	2.4
331	-0.527349	10.477778	0.150243	0.106461	1.5
332	-0.574177	10.081556	0.152158	0.052393	1.5
333	-0.552096	10.782171	0.148804	0.057453	1.7
334	-0.566030	11.265487	0.146575	0.084137	1.5
335	-0.542968	10.474193	0.150260	0.097813	1.5
336	-0.649179	11.474074	0.145633	0.096478	1.7
337	-0.618540	10.646095	0.149444	0.078758	1.5
338	-0.619932	9.819907	0.153450	0.034381	1.6
339	-0.554355	10.224519	0.151461	0.062719	1.8
340	-0.625059	10.802248	0.148710	0.154576	1.6
341	-0.639790	9.974159	0.152686	0.090720	2.0
342	-0.567148	10.974159	0.147910	0.046192	2.2
343	-0.636938	10.156713	0.151791	0.142667	1.6
344	-0.584103	9.335071	0.155902	0.179041	1.7
345	-0.551722	10.335071	0.150927	0.137359	1.7
346	-0.612576	11.335071	0.146259	0.116492	1.5
347	-0.600004	10.506964	0.150104	0.138621	2.0
348	-0.602795	9.678856	0.154155	0.105762	1.5
349	-0.611494	8.850750	0.158432	0.215612	1.5
350	-0.573119	8.022643	0.162952	0.137781	1.5
351	-0.597498	9.022643	0.157525	0.035376	1.7
352	-0.547482	8.320581	0.161297	0.091118	1.5
353	-0.556177	9.093743	0.157153	0.020108	1.7
354	-0.635641	8.605252	0.159746	0.040415	1.5
355	-0.595750	8.399976	0.160861	0.156958	1.5
356	-0.611724	9.262855	0.156274	0.150758	1.5
357	-0.546043	10.262855	0.151276	0.056643	1.7
358	-0.560824	11.262121	0.146590	0.075795	1.9
359	-0.600497	10.452346	0.150364	0.077462	1.5
360	-0.569087	9.659310	0.154254	0.190816	1.6
361	-0.507272	8.847744	0.158448	0.088300	1.5
362	-0.598583	9.847739	0.153311	0.067144	1.5
363	-0.614356	9.021401	0.157531	0.189462	1.5
364	-0.565723	10.019903	0.152460	0.102700	1.5
365	-0.631526	11.019903	0.147699	0.066999	1.6
366	-0.598364	10.192578	0.151616	0.113798	1.5
367	-0.619045	9.364695	0.155750	0.085225	1.9
368	-0.597648	10.364668	0.150785	0.048522	1.6
369	-0.602580	9.594659	0.154580	0.042982	1.5
370	-0.614122	9.007504	0.157604	0.147228	1.5
371	-0.669862	8.180115	0.162073	0.055025	1.7
372	-0.559233	7.352467	0.166804	0.122748	1.5
373	-0.572823	8.351747	0.161125	0.122952	1.6
374	-0.559259	7.523642	0.165803	0.012602	1.5
375	-0.596557	6.960470	0.169143	0.124334	2.4
376	-0.614113	7.179542	0.167828	0.123722	2.4
377	-0.578676	6.351435	0.172909	0.078598	1.6
378	-0.576552	7.349736	0.166820	0.046950	1.7
379	-0.588120	8.118701	0.162415	0.028277	1.8
380	-0.559412	7.636496	0.165150	0.114506	1.5
381	-0.558712	8.491546	0.160361	0.051382	1.5
382	-0.561226	9.318735	0.155986	0.068880	1.5
383	-0.603406	8.700078	0.159236	0.068571	2.7
384	-0.564228	9.589560	0.154605	0.031897	1.6
385	-0.619161	9.405517	0.155541	0.044955	1.7
386	-0.571906	8.828726	0.158549	0.044903	1.8
387	-0.638327	8.321916	0.161289	0.162408	1.5
388	-0.608870	9.313927	0.156011	0.050131	1.5
389	-0.559965	10.312208	0.151037	0.087704	1.4
390	-0.611706	11.245646	0.146665	0.032262	1.6
391	-0.608870	10.522370	0.150030	0.163608	2.0
392	-0.592086	9.706737	0.154015	0.082254	1.6
393	-0.640979	10.706736	0.149158	0.061582	1.6
394	-0.556680	9.883775	0.153132	0.042026	1.6
395	-0.603048	9.127865	0.156975	0.135322	1.7
396	-0.613476	10.096470	0.152085	0.123732	1.7
397	-0.591498	11.096470	0.147347	0.041661	1.4
398	-0.565251	10.362731	0.150794	0.060537	1.5
399	-0.627308	10.225217	0.151458	0.050118	1.5
400	-0.619397	9.771817	0.153690	0.023282	1.6
401	-0.583222	10.260155	0.151289	0.108355	2.1
402	-0.676622	9.613232	0.154486	0.061653	1.7
403	-0.557780	9.127073	0.156979	0.055146	1.5
404	-0.630873	9.979154	0.152661	0.134622	1.5
405	-0.617005	10.977801	0.147893	0.076391	1.7
406	-0.631730	11.977790	0.143409	0.015725	1.5
407	-0.617767	11.518348	0.145435	0.065778	1.5
408	-0.599213	11.294164	0.146445	0.012307	1.6
409	-0.532848	11.094108	0.147358	0.066283	1.5
410	-0.587035	11.022225	0.147688	0.062442	1.6
411	-0.624651	11.900716	0.143745	0.126805	1.5
412	-0.574249	12.900362	0.139506	0.046442	1.6
413	-0.594772	13.659694	0.136450	0.044788	1.7
414	-0.619071	13.199329	0.138287	0.041889	1.8
415	-0.607944	13.156633	0.138459	0.109698	1.5
416	-0.564109	12.578209	0.140845	0.063014	1.5
417	-0.544056	11.750872	0.144402	0.061333	1.8
418	-0.574452	11.031773	0.147644	0.114561	1.6
419	-0.592313	11.908033	0.143713	0.084185	1.7
420	-0.620549	11.079963	0.147422	0.091253	1.7
421	-0.622116	11.903670	0.143732	0.080647	1.8
422	-0.613480	12.899377	0.139510	0.040884	1.5
423	-0.597043	12.131788	0.142742	0.054098	1.6
424	-0.505971	11.623641	0.144966	0.021949	1.6
425	-0.597586	11.322316	0.146317	0.011083	2.1
426	-0.626937	11.432298	0.145821	0.080899	1.6
427	-0.585759	11.868754	0.143885	0.086227	1.9
428	-0.600599	12.862134	0.139664	0.065486	1.6
429	-0.579821	13.844011	0.135728	0.128204	1.5
430	-0.564939	13.016020	0.139032	0.071010	1.5
431	-0.580083	12.448910	0.141389	0.084348	1.5
432	-0.598093	11.764077	0.144344	0.115894	1.7
433	-0.590109	10.935982	0.148087	0.081694	2.8
434	-0.550843	10.107903	0.152029	0.136597	2.2
435	-0.616744	11.107895	0.147294	0.058038	2.2
436	-0.620068	10.413998	0.150548	0.026283	2.1
437	-0.599600	10.310965	0.151043	0.092239	1.9
438	-0.601593	9.606560	0.154519	0.066888	1.6
439	-0.536187	10.605305	0.149637	0.090160	1.5
440	-0.558928	9.779497	0.153651	0.155591	2.0
441	-0.551194	10.779497	0.148816	0.067151	1.6
442	-0.552941	9.951397	0.152798	0.059124	1.5
443	-0.570646	10.574679	0.149782	0.033392	1.5
444	-0.600735	10.051778	0.152304	0.062855	1.7
445	-0.612161	10.810312	0.148672	0.172480	3.8
446	-0.610189	9.982208	0.152646	0.069162	1.6
447	-0.633984	10.979162	0.147887	0.091310	2.1
448	-0.613250	10.153551	0.151806	0.072323	1.5
449	-0.527532	9.329032	0.155933	0.116388	1.5
450	-0.542747	8.503136	0.160298	0.085455	1.5
451	-0.649047	9.503115	0.155043	0.111489	1.6
452	-0.569355	8.675039	0.159370	0.066963	1.7
453	-0.620747	7.847223	0.163943	0.030151	1.5
454	-0.632180	8.243277	0.161723	0.063120	1.6
455	-0.568466	8.950495	0.157904	0.043716	1.6
456	-0.592584	8.681756	0.159334	0.039713	1.6
457	-0.528608	8.467643	0.160492	0.025651	1.6
458	-0.569334	8.575962	0.159904	0.120937	1.5
459	-0.573874	8.712002	0.159172	0.026840	1.5
460	-0.560561	7.920306	0.163529	0.139693	1.5
461	-0.616038	7.937318	0.163433	0.041967	1.7
462	-0.621838	8.932600	0.157999	0.057483	1.6
463	-0.561514	9.288376	0.156143	0.148672	1.6
464	-0.549284	8.460780	0.160529	0.141519	2.2
465	-0.581017	9.460780	0.155259	0.051603	1.5
466	-0.589744	8.980297	0.157747	0.068662	1.5
467	-0.617139	9.622256	0.154440	0.077018	1.5
468	-0.569926	8.800380	0.158700	0.023083	1.5
469	-0.656450	8.693432	0.159271	0.092988	1.5
470	-0.603033	8.598582	0.159782	0.081707	1.7
471	-0.617043	9.577796	0.154665	0.129585	1.5
472	-0.583424	10.577676	0.149767	0.027336	1.5
473	-0.577015	10.932421	0.148104	0.035032	1.9
474	-0.573215	10.650942	0.149421	0.044337	1.6
475	-0.575829	10.776215	0.148832	0.038164	1.6
476	-0.586518	10.314608	0.151026	0.041956	1.6
477	-0.609393	10.124106	0.151950	0.041560	1.5
478	-0.602406	10.675518	0.149305	0.079200	1.5
479	-0.530695	10.374130	0.150739	0.103918	1.6
480	-0.551577	11.373674	0.146085	0.181166	1.5
481	-0.576412	10.545567	0.149920	0.081485	1.5
482	-0.581650	9.717460	0.153962	0.050168	1.7
483	-0.592798	10.651571	0.149418	0.077095	1.5
484	-0.598934	11.618224	0.144990	0.077046	1.5
485	-0.585699	10.793464	0.148751	0.035949	1.8
486	-0.575670	11.312437	0.146362	0.106925	1.5
487	-0.639492	11.998347	0.143320	0.046607	1.5
488	-0.545547	12.963298	0.139248	0.130476	1.5
489	-0.672011	12.497845	0.141182	0.126777	1.6
490	-0.568504	11.669738	0.144761	0.018849	1.8
491	-0.589130	12.042037	0.143130	0.016157	2.5
492	-0.575972	12.013536	0.143254	0.021223	2.3
493	-0.570560	11.977445	0.143410	0.219168	2.2
494	-0.588741	11.225761	0.146756	0.032298	1.5
495	-0.604847	10.398365	0.150623	0.044401	1.5
496	-0.626018	10.562863	0.149838	0.068555	1.6
497	-0.630629	9.867741	0.153212	0.018904	2.6
498	-0.621430	10.239939	0.151387	0.057741	1.8
499	-0.653743	10.564114	0.149832	0.092138	1.8
500	-0.582892	10.956840	0.147990	0.046243	1.6
501	-0.550200	10.182860	0.151664	0.053632	1.5
502	-0.654370	9.633982	0.154381	0.086615	1.6
503	-0.595438	10.610607	0.149611	0.019862	1.8
504	-0.584141	10.028113	0.152420	0.097580	1.5
505	-0.606011	10.678386	0.149291	0.052120	1.6
506	-0.631752	11.576974	0.145173	0.064642	1.7
507	-0.595370	10.788027	0.148776	0.083202	1.5
508	-0.601175	11.773733	0.144302	0.073548	1.5
509	-0.576091	10.954522	0.148001	0.096028	1.5
510	-0.605600	11.479021	0.145611	0.132134	1.8
511	-0.634294	12.478936	0.141262	0.084700	1.4
512	-0.598106	13.464911	0.137221	0.023392	1.5
513	-0.581651	13.011627	0.139050	0.036570	1.6
514	-0.623738	13.449582	0.137282	0.046431	1.8
515	-0.593988	13.249913	0.138082	0.079395	1.6
516	-0.567787	13.445012	0.137300	0.034744	1.6
517	-0.560066	13.877212	0.135599	0.032162	1.5
518	-0.619772	13.682593	0.136360	0.058964	1.5
519	-0.626730	13.025770	0.138992	0.058491	1.5
520	-0.608107	13.688314	0.136337	0.084329	1.6
521	-0.568346	14.263349	0.134114	0.071955	1.5
522	-0.589663	13.436617	0.137334	0.178168	1.5
523	-0.634354	12.608511	0.140718	0.023767	1.5
524	-0.567866	11.815521	0.144118	0.056488	2.1
525	-0.644054	12.367593	0.141734	0.197520	1.7
526	-0.570242	11.539490	0.145341	0.107982	1.7
527	-0.569313	12.539490	0.141007	0.110720	1.5
528	-0.608017	13.539486	0.136925	0.085317	1.5
529	-0.528248	13.136393	0.138542	0.067045	1.5
530	-0.555437	14.004665	0.135105	0.042864	1.6
531	-0.595667	14.305599	0.133953	0.024003	1.5
532	-0.576584	13.839559	0.135745	0.061252	1.6
533	-0.593742	13.594747	0.136706	0.037074	1.9
534	-0.550814	12.955034	0.139281	0.099150	1.5
535	-0.592526	12.144548	0.142687	0.031596	1.5
536	-0.589155	13.066690	0.138825	0.138227	1.5
537	-0.569424	12.253447	0.142220	0.061344	1.5
538	-0.540770	11.492857	0.145549	0.074807	1.5
539	-0.579264	12.378203	0.141689	0.071964	1.7
540	-0.591662	13.372498	0.137590	0.159206	1.5
541	-0.602536	12.544417	0.140986	0.056451	1.5
542	-0.676472	13.544365	0.136905	0.090190	1.6
543	-0.635343	12.736301	0.140185	0.078005	2.1
544	-0.621368	13.732758	0.136163	0.019241	1.7
545	-0.665097	14.384044	0.133657	0.108765	1.7
546	-0.660009	15.007432	0.131343	0.104081	1.7
547	-0.644142	14.179330	0.134434	0.106891	1.5
548	-0.602271	15.179246	0.130719	0.059685	1.6
549	-0.598785	16.170324	0.127233	0.130137	2.3
550	-0.623356	15.395000	0.129944	0.099675	2.7
551	-0.562182	16.395000	0.126469	0.078594	3.0
552	-0.610330	15.567378	0.129331	0.050623	2.2
553	-0.545166	16.271308	0.126889	0.162861	1.8
554	-0.599005	15.443280	0.129772	0.089610	2.2
555	-0.549375	16.443280	0.126306	0.147766	1.6
556	-0.608898	15.615174	0.129163	0.194836	1.5
557	-0.617997	14.787066	0.132151	0.089600	1.9
558	-0.615667	15.787066	0.128559	0.033488	2.2
559	-0.590557	15.608777	0.129185	0.147487	1.6
560	-0.623155	15.580941	0.129283	0.081478	1.5
561	-0.601509	16.580935	0.125843	0.051920	1.5
562	-0.650578	15.790893	0.128546	0.100110	1.5
563	-0.559250	16.778748	0.125184	0.157155	1.7
564	-0.573923	17.778748	0.121956	0.044405	1.5
565	-0.603050	18.777027	0.118895	0.104593	1.6
566	-0.549878	17.962047	0.121382	0.032090	1.7
567	-0.581491	17.178993	0.123872	0.041651	1.5
568	-0.629559	17.777075	0.121961	0.143662	1.5
569	-0.626541	16.978334	0.124526	0.018490	1.7
570	-0.548634	17.865039	0.121685	0.115635	1.5
571	-0.614121	17.161517	0.123929	0.118468	1.5
572	-0.559769	18.161517	0.120764	0.069185	1.5
573	-0.519937	19.160968	0.117759	0.062353	1.5
574	-0.621968	19.997922	0.115355	0.061206	1.5
575	-0.535444	19.197598	0.117651	0.061311	1.6
576	-0.562200	20.169883	0.114873	0.081407	1.6
577	-0.697040	19.359894	0.117178	0.114996	1.5
578	-0.605602	18.532110	0.119632	0.027333	1.6
579	-0.611276	17.772727	0.121975	0.025104	1.5
580	-0.589169	18.133944	0.120849	0.011030	2.3
581	-0.536947	18.127376	0.120870	0.062186	1.6
582	-0.550354	17.903498	0.121565	0.049511	1.5
583	-0.599014	17.124831	0.124048	0.043678	1.7
584	-0.592722	17.434725	0.123048	0.050301	1.5
585	-0.584107	16.896177	0.124796	0.059478	2.0
586	-0.614415	16.293589	0.126813	0.018847	1.5
587	-0.627264	16.484970	0.126165	0.053376	1.5
588	-0.589660	16.808753	0.125085	0.044251	1.8
589	-0.545824	16.136499	0.127349	0.048134	1.7
590	-0.629450	15.521226	0.129495	0.107984	1.5
591	-0.569875	14.735083	0.132344	0.049710	1.6
592	-0.551493	14.288749	0.134017	0.036939	1.5
593	-0.620295	14.840226	0.131955	0.184822	1.7
594	-0.567798	14.035396	0.134987	0.030095	1.8
595	-0.540246	15.028548	0.131266	0.094481	1.7
596	-0.594362	14.335641	0.133840	0.047681	2.0
597	-0.613552	15.289449	0.130322	0.079010	1.6
598	-0.630334	14.496194	0.133234	0.069615	1.6
599	-0.600672	15.493339	0.129594	0.016068	1.5
600	-0.602776	15.950536	0.127990	0.093492	1.5
601	-0.587113	16.526227	0.126027	0.063453	1.5
602	-0.607701	15.699282	0.128866	0.087575	1.4
603	-0.620323	16.695898	0.125459	0.056360	1.9
604	-0.601387	17.677069	0.122277	0.135374	1.5
605	-0.677559	16.849471	0.124950	0.236883	2.0
606	-0.637560	17.849471	0.121734	0.030345	2.5
607	-0.574837	18.847174	0.118686	0.078405	2.5
608	-0.562268	18.202580	0.120638	0.068299	1.6
609	-0.596607	19.191694	0.117669	0.079171	1.6
610	-0.600847	20.176177	0.114855	0.078090	1.8
611	-0.596243	21.174667	0.112136	0.058332	2.1
612	-0.616253	22.067371	0.109812	0.106562	1.9
613	-0.620522	21.241887	0.111958	0.014116	1.6
614	-0.668391	20.647730	0.113555	0.139013	1.6
615	-0.594595	21.416608	0.111497	0.240684	1.9
616	-0.540783	22.416608	0.108929	0.037398	1.5
617	-0.568497	21.618794	0.110968	0.077233	1.5
618	-0.585182	22.440815	0.108868	0.058045	1.5
619	-0.641676	21.756026	0.110611	0.044561	1.7
620	-0.568955	20.996141	0.112613	0.051491	2.3
621	-0.574614	21.851864	0.110364	0.086667	1.6
622	-0.570540	21.032483	0.112516	0.026791	1.9
623	-0.575554	20.939756	0.112764	0.051579	1.6
624	-0.556675	20.699772	0.113413	0.020662	1.6
625	-0.635858	20.711552	0.113381	0.156050	1.5
626	-0.591256	21.662108	0.110855	0.112145	1.6
627	-0.571880	20.834001	0.113049	0.080665	1.5
628	-0.622124	20.006042	0.115332	0.068222	2.1
629	-0.615961	19.180030	0.117703	0.046374	1.6
630	-0.616558	18.471900	0.119815	0.091778	1.5
631	-0.551663	19.420065	0.117004	0.201972	1.7
632	-0.585142	20.420013	0.114179	0.029682	1.4
633	-0.596481	20.464396	0.114057	0.114280	1.5
634	-0.547953	20.788614	0.113172	0.028314	1.5
635	-0.591080	21.620320	0.110964	0.029885	1.5
636	-0.560308	21.371790	0.111615	0.015073	1.4
637	-0.606665	21.349778	0.111673	0.082822	1.8
638	-0.597325	21.615803	0.110975	0.057101	1.6
639	-0.561359	22.526613	0.108653	0.038686	1.7
640	-0.595305	21.811400	0.110468	0.054651	1.6
641	-0.638249	21.185355	0.112108	0.058795	1.5
642	-0.611596	20.391024	0.114259	0.028467	1.6
643	-0.583577	19.745268	0.116070	0.012544	1.6
644	-0.604564	19.883311	0.115678	0.046855	1.6
645	-0.644018	19.770857	0.115997	0.046257	1.6
646	-0.605070	19.838749	0.115804	0.069853	2.1
647	-0.599412	20.553320	0.113813	0.065771	1.8
648	-0.660013	21.534489	0.111188	0.155694	1.5
649	-0.594723	22.281929	0.109267	0.102758	1.5
650	-0.572103	23.281929	0.106800	0.059263	1.8
651	-0.610654	24.278738	0.104449	0.020479	1.6
652	-0.589542	24.385237	0.104204	0.065668	1.7
653	-0.640711	24.126950	0.104800	0.133489	1.8
654	-0.588522	23.298880	0.106759	0.097525	1.6
655	-0.612274	22.470777	0.108793	0.066833	1.6
656	-0.605117	22.779525	0.108026	0.131065	1.5
657	-0.601019	21.951553	0.110108	0.174073	1.5
658	-0.578389	22.951553	0.107603	0.061741	1.4
659	-0.573107	22.123478	0.109669	0.251696	1.6
660	-0.567944	23.123470	0.107183	0.087485	1.5
661	-0.509606	22.295362	0.109234	0.036205	1.6
662	-0.565289	22.950562	0.107605	0.118038	1.8
663	-0.581634	23.820508	0.105517	0.125582	2.3
664	-0.652149	22.992401	0.107503	0.063515	2.5
665	-0.552348	23.990982	0.105117	0.028962	2.4
666	-0.591051	24.397536	0.104175	0.091178	2.6
667	-0.601337	25.284964	0.102178	0.039593	2.3
668	-0.580939	24.494927	0.103952	0.048630	1.6
669	-0.575867	23.940924	0.105234	0.086105	1.6
670	-0.641873	23.800668	0.105563	0.023128	1.5
671	-0.610257	24.333097	0.104324	0.110058	2.1
672	-0.567200	23.650283	0.105919	0.022672	1.6
673	-0.589228	23.837080	0.105478	0.051974	1.5
674	-0.676757	23.811233	0.105538	0.106769	1.5
675	-0.619317	24.807745	0.103243	0.108239	1.5
676	-0.604449	23.979729	0.105143	0.039186	1.5
677	-0.554773	24.951041	0.102921	0.051840	2.1
678	-0.614258	24.815732	0.103225	0.104309	1.5
679	-0.606433	25.375463	0.101979	0.052488	1.8
680	-0.594537	26.363825	0.099851	0.023489	1.7
681	-0.567269	26.694740	0.099158	0.095220	1.7
682	-0.617992	26.008387	0.100606	0.029726	1.7
683	-0.604242	25.238402	0.102281	0.068897	1.5
684	-0.577508	25.990805	0.100643	0.059392	1.5
685	-0.611894	26.637437	0.099277	0.152664	1.6
686	-0.585157	27.637094	0.097237	0.077829	1.6
687	-0.594284	26.960889	0.098608	0.133954	1.6
688	-0.640672	27.026332	0.098473	0.054628	1.6
689	-0.595170	28.006572	0.096504	0.013217	1.7
690	-0.634293	27.920611	0.096673	0.126711	1.7
691	-0.615842	28.388239	0.095758	0.034302	1.6
692	-0.622885	29.376544	0.093879	0.068175	1.6
693	-0.588194	28.636920	0.095278	0.048243	1.7
694	-0.594581	29.482401	0.093682	0.031426	1.8
695	-0.600462	30.051833	0.092637	0.024577	1.5
696	-0.655268	30.115797	0.092521	0.051892	1.8
697	-0.596913	29.668929	0.093337	0.154794	1.5
698	-0.604340	30.027391	0.092682	0.123617	1.8
699	-0.588292	29.199284	0.094211	0.045769	1.6
700	-0.570213	28.394015	0.095747	0.089782	1.7
701	-0.600360	27.641955	0.097227	0.057356	1.6
702	-0.614245	27.532097	0.097447	0.091880	1.6
703	-0.584978	26.708014	0.099130	0.063636	1.6
704	-0.511253	25.881335	0.100878	0.092623	1.6
705	-0.600434	26.877760	0.098779	0.093405	1.5
706	-0.529830	27.877616	0.096758	0.120332	1.7
707	-0.580944	28.877575	0.094818	0.034231	1.5
708	-0.549543	28.254148	0.096018	0.042255	1.5
709	-0.600562	28.205377	0.096114	0.097511	1.7
710	-0.600357	29.096716	0.094404	0.041298	1.5
711	-0.593622	29.789936	0.093115	0.037923	1.9
712	-0.585028	29.391187	0.093852	0.051871	1.8
713	-0.582705	28.696278	0.095164	0.059643	1.5
714	-0.568021	28.866380	0.094840	0.044427	1.5
715	-0.552955	28.099684	0.096321	0.057263	1.6
716	-0.589394	27.585694	0.097340	0.053108	1.8
717	-0.555972	28.493641	0.095554	0.048030	1.5
718	-0.593156	29.341706	0.093944	0.142520	1.8
719	-0.607318	28.519176	0.095505	0.158938	2.2
720	-0.571006	29.519176	0.093614	0.041208	2.4
721	-0.597542	28.692575	0.095171	0.054475	2.4
722	-0.572428	28.130949	0.096259	0.096476	1.6
723	-0.547291	28.958325	0.094665	0.044714	2.1
724	-0.614218	28.139156	0.096243	0.050076	2.2
725	-0.539379	27.512504	0.097486	0.074073	1.5
726	-0.557050	27.764530	0.096983	0.027538	1.9
727	-0.547149	27.584139	0.097343	0.075803	1.7
728	-0.578550	26.985841	0.098556	0.102560	1.7
729	-0.577488	26.159687	0.100283	0.056262	1.6
730	-0.577584	27.145933	0.098229	0.060638	2.0
731	-0.579035	28.108187	0.096304	0.064379	1.5
732	-0.686335	27.419751	0.097673	0.262370	2.4
733	-0.585720	28.419290	0.095698	0.036488	1.6
734	-0.565968	29.419183	0.093800	0.024604	1.6
735	-0.561257	29.643610	0.093384	0.056736	1.5
736	-0.603404	29.929630	0.092860	0.059067	1.5
737	-0.517113	29.293958	0.094033	0.109815	1.5
738	-0.601944	30.143161	0.092472	0.190369	1.6
739	-0.619886	31.143143	0.090699	0.053044	1.6
740	-0.679220	30.364551	0.092073	0.036241	1.5
741	-0.581604	30.946799	0.091041	0.025244	1.9
742	-0.585391	30.809402	0.091283	0.112146	1.6
743	-0.632145	30.607652	0.091640	0.027817	1.6
744	-0.559805	29.947064	0.092828	0.058344	1.5
745	-0.646709	29.367302	0.093896	0.107088	1.5
746	-0.599051	30.352486	0.092095	0.173295	1.6
747	-0.556913	29.524379	0.093604	0.052931	1.5
748	-0.657990	28.696367	0.095164	0.036227	1.5
749	-0.600404	28.179587	0.096164	0.080864	1.6
750	-0.574840	27.495521	0.097521	0.074045	1.6
751	-0.591477	28.492183	0.095557	0.050605	1.6
752	-0.543426	29.460344	0.093723	0.068857	1.6
753	-0.563042	28.681758	0.095192	0.060886	1.6
754	-0.558408	29.585903	0.093491	0.063380	1.5
755	-0.557939	28.827738	0.094913	0.036677	1.7
756	-0.622962	29.439696	0.093762	0.074352	1.5
757	-0.491872	30.262288	0.092257	0.026072	1.5
758	-0.595381	30.169255	0.092425	0.135869	1.8
759	-0.579717	29.470310	0.093705	0.070679	1.5
760	-0.553031	30.470275	0.091884	0.062727	1.8
761	-0.634242	29.669565	0.093336	0.156191	1.6
762	-0.575914	30.668725	0.091531	0.075066	1.5
763	-0.599507	31.668722	0.089793	0.043183	1.6
764	-0.624750	31.262386	0.090492	0.188154	1.5
765	-0.660533	30.447757	0.091924	0.038202	1.5
766	-0.600029	29.662611	0.093349	0.067861	1.8
767	-0.655518	30.462883	0.091897	0.188255	1.5
768	-0.569356	31.462882	0.090146	0.180621	1.6
769	-0.604807	30.634775	0.091592	0.021991	2.0
770	-0.563802	31.614530	0.089886	0.060935	1.5
771	-0.540045	32.215083	0.088872	0.032436	1.5
772	-0.584127	31.519585	0.090048	0.100046	1.7
773	-0.638717	32.464873	0.088456	0.071453	1.6
774	-0.602896	33.464024	0.086834	0.086140	1.6
775	-0.586636	32.638872	0.088169	0.066964	1.6
776	-0.566348	33.634974	0.086562	0.030559	1.5
777	-0.603874	32.929891	0.087694	0.188669	1.9
778	-0.541143	32.409256	0.088548	0.081581	2.5
779	-0.611334	31.604657	0.089903	0.079954	2.4
780	-0.611687	32.276396	0.088769	0.230329	1.7
781	-0.565182	31.448289	0.090171	0.112693	2.1
782	-0.629208	32.448289	0.088484	0.031286	1.8
783	-0.563430	31.837527	0.089507	0.088281	1.7
784	-0.653060	32.712766	0.088048	0.036314	1.9
785	-0.584559	32.922560	0.087706	0.034364	2.5
786	-0.535358	32.481435	0.088429	0.142119	1.6
787	-0.567312	31.660184	0.089808	0.016401	1.5
788	-0.639302	32.301139	0.088728	0.076386	1.5
789	-0.667743	32.843464	0.087834	0.031051	1.5
790	-0.654673	33.294989	0.087104	0.101066	1.8
791	-0.636566	32.692536	0.088081	0.060772	1.5
792	-0.558070	31.984839	0.089258	0.112296	2.0
793	-0.549578	32.984153	0.087605	0.066468	1.9
794	-0.597448	32.156300	0.088970	0.047136	1.7
795	-0.609447	32.367634	0.088618	0.109009	1.5
796	-0.584611	31.677400	0.089779	0.110781	1.5
797	-0.584648	32.677395	0.088106	0.103569	1.5
798	-0.566077	31.849291	0.089487	0.160358	1.6
799	-0.625002	32.849291	0.087825	0.062664	1.5
800	-0.604188	33.848476	0.086225	0.392289	1.5
801	-0.585321	34.848476	0.084681	0.149619	1.6
802	-0.595560	34.020369	0.085956	0.087810	1.5
803	-0.598283	35.020364	0.084421	0.052758	1.5
804	-0.596968	34.224868	0.085637	0.041664	1.7
805	-0.505652	33.837475	0.086242	0.027175	1.5
806	-0.579800	33.347775	0.087019	0.073702	1.6
807	-0.592746	32.838745	0.087842	0.042080	1.6
808	-0.567016	33.698496	0.086461	0.050173	1.5
809	-0.523579	34.229302	0.085630	0.071287	1.8
810	-0.578842	33.421201	0.086902	0.088916	1.7
811	-0.615036	34.418589	0.085338	0.099683	1.7
812	-0.631500	35.418466	0.083826	0.084897	1.7
813	-0.558862	34.590436	0.085074	0.121249	1.5
814	-0.619456	35.590419	0.083571	0.043619	1.5
815	-0.565579	36.558000	0.082166	0.026916	1.5
816	-0.646572	37.129380	0.081358	0.099818	1.5
817	-0.630884	37.650178	0.080636	0.048824	1.6
818	-0.614835	36.829493	0.081780	0.073565	2.0
819	-0.575318	37.567337	0.080750	0.159947	1.6
820	-0.611263	36.745972	0.081898	0.049211	1.7
821	-0.610166	37.740030	0.080513	0.152052	2.3
822	-0.571642	38.728099	0.079181	0.126874	1.6
823	-0.586869	39.728099	0.077877	0.025677	1.7
824	-0.612672	38.945537	0.078893	0.122995	1.7
825	-0.576918	38.152307	0.079951	0.073230	1.5
826	-0.565989	39.071807	0.078728	0.058067	1.6
827	-0.545242	39.903338	0.077653	0.150485	1.5
828	-0.601902	40.903116	0.076399	0.063721	1.7
829	-0.603193	40.075210	0.077434	0.044921	1.9
830	-0.519882	39.295261	0.078436	0.055792	1.8
831	-0.608981	38.589980	0.079364	0.187197	1.7
832	-0.582350	37.762098	0.080482	0.086520	1.7
833	-0.529190	36.933991	0.081633	0.064244	1.5
834	-0.572356	37.926871	0.080257	0.027963	2.2
835	-0.569044	38.684756	0.079238	0.036497	2.3
836	-0.616355	38.887430	0.078970	0.053386	2.4
837	-0.636688	39.001031	0.078820	0.221029	1.7
838	-0.552019	39.999938	0.077530	0.058737	1.6
839	-0.568705	40.999938	0.076279	0.064282	1.7
840	-0.612908	40.609110	0.076763	0.037971	1.5
841	-0.564270	40.339806	0.077100	0.187100	1.6
842	-0.594707	39.512502	0.078154	0.047371	2.0
843	-0.608513	39.831299	0.077745	0.032888	1.6
844	-0.602030	40.451440	0.076960	0.030826	1.5
845	-0.594181	40.606126	0.076767	0.024490	1.5
846	-0.580362	40.530477	0.076861	0.008771	1.8
847	-0.612264	40.596778	0.076778	0.098546	2.2
848	-0.600586	40.898402	0.076404	0.086958	1.7
849	-0.549347	41.894119	0.075195	0.033521	2.0
850	-0.568997	42.826166	0.074097	0.104166	1.5
851	-0.575365	42.024075	0.075040	0.086777	1.6
852	-0.599116	43.023955	0.073868	0.064002	1.6
853	-0.578281	43.932370	0.072834	0.082403	1.6
854	-0.599067	43.875357	0.072898	0.063091	1.6
855	-0.597745	44.865761	0.071802	0.131581	1.7
856	-0.602291	45.865644	0.070729	0.135986	1.9
857	-0.562292	46.865644	0.069686	0.056996	1.9
858	-0.583903	46.346719	0.070223	0.087036	1.6
859	-0.574510	45.586314	0.071025	0.038865	2.0
860	-0.602396	44.854477	0.071815	0.107445	1.5
861	-0.582364	44.126049	0.072618	0.085471	1.5
862	-0.549948	45.125800	0.071520	0.054642	1.6
863	-0.626583	46.095567	0.070486	0.165896	1.6
864	-0.585256	45.271581	0.071363	0.081168	1.8
865	-0.584433	44.675984	0.072010	0.013595	1.7
866	-0.634814	44.651909	0.072036	0.086895	2.2
867	-0.609932	45.044182	0.071608	0.273857	1.8
868	-0.604473	44.216075	0.072518	0.139953	1.7
869	-0.558386	45.216075	0.071422	0.076495	1.5
870	-0.601068	45.850558	0.070744	0.043765	1.7
871	-0.575779	45.189182	0.071451	0.029889	1.7
872	-0.602176	45.665327	0.070941	0.106782	1.8
873	-0.606339	45.078163	0.071571	0.184598	1.6
874	-0.597003	44.250064	0.072480	0.126480	1.7
875	-0.559273	43.421957	0.073411	0.079280	1.7
876	-0.623337	42.593862	0.074367	0.024806	1.6
877	-0.580048	41.906783	0.075180	0.108185	1.5
878	-0.575232	41.151502	0.076093	0.072629	1.5
879	-0.603650	40.323531	0.077121	0.225078	1.8
880	-0.590934	41.323531	0.075883	0.110221	1.5
881	-0.617736	40.495424	0.076905	0.042596	1.6
882	-0.616176	41.484121	0.075688	0.260650	2.1
883	-0.669475	42.484002	0.074496	0.017529	1.9
884	-0.566154	42.262453	0.074757	0.059431	1.5
885	-0.611888	42.096725	0.074953	0.149232	1.8
886	-0.605045	43.096578	0.073784	0.039181	1.9
887	-0.570553	44.093558	0.072654	0.123833	1.6
888	-0.554233	45.068976	0.071581	0.095570	1.8
889	-0.564573	46.068971	0.070514	0.135660	1.7
890	-0.554894	45.240871	0.071396	0.084412	2.8
891	-0.626219	44.412765	0.072299	0.117121	2.4
892	-0.623687	43.584669	0.073226	0.028222	1.9
893	-0.594034	42.883362	0.074030	0.114841	1.8
894	-0.618596	43.144046	0.073729	0.037151	1.5
895	-0.574592	43.963886	0.072799	0.039703	1.5
896	-0.613131	44.629421	0.072061	0.113236	1.5
897	-0.608026	44.020033	0.072736	0.148176	2.3
898	-0.610876	43.191926	0.073674	0.117635	1.7
899	-0.596932	42.363819	0.074637	0.086553	1.7
900	-0.573438	41.539961	0.075621	0.031731	1.8
901	-0.607043	41.493872	0.075676	0.032645	1.6
902	-0.604213	41.803083	0.075304	0.095332	1.6
903	-0.577343	41.729460	0.075392	0.167592	1.5
904	-0.583612	40.901353	0.076401	0.029952	1.6
905	-0.570193	40.080911	0.077427	0.127881	1.6
906	-0.594842	41.030853	0.076241	0.240812	1.7
907	-0.549509	40.202746	0.077273	0.125424	1.7
908	-0.630722	39.374639	0.078333	0.043256	1.9
909	-0.581766	38.694452	0.079225	0.134358	1.7
910	-0.552653	37.883527	0.080316	0.039431	1.8
911	-0.609573	37.136323	0.081349	0.048278	1.5
912	-0.594926	36.602401	0.082103	0.075841	1.6
913	-0.585426	35.836703	0.083209	0.168557	1.5
914	-0.596986	35.008597	0.084439	0.116191	1.5
915	-0.654879	34.180490	0.085706	0.056167	1.6
916	-0.604691	33.363151	0.086995	0.121636	1.6
917	-0.567797	32.743645	0.087998	0.076409	1.5
918	-0.586962	33.743032	0.086391	0.070833	1.5
919	-0.567048	34.666614	0.084958	0.033083	1.5
920	-0.589266	35.011677	0.084434	0.039124	1.4
921	-0.606419	34.709452	0.084892	0.086229	1.7
922	-0.610272	35.368619	0.083900	0.141690	1.5
923	-0.582258	36.368581	0.082437	0.049929	1.4
924	-0.562643	37.367856	0.081026	0.038810	1.7
925	-0.617392	38.138511	0.079970	0.049702	1.5
926	-0.649350	38.851236	0.079018	0.067576	1.5
927	-0.595150	39.810057	0.077772	0.065628	1.5
928	-0.565391	39.353544	0.078360	0.085495	1.5
929	-0.695597	38.668809	0.079259	0.129062	1.7
930	-0.542591	39.668799	0.077953	0.106037	1.5
931	-0.618579	38.840694	0.079032	0.079449	1.7
932	-0.559011	39.840423	0.077733	0.038884	1.6
933	-0.557481	40.385724	0.077042	0.103577	1.6
934	-0.531422	40.342673	0.077097	0.025946	1.9
935	-0.596384	39.688266	0.077928	0.044904	1.5
936	-0.617638	39.662213	0.077961	0.082020	1.5
937	-0.586829	38.852847	0.079016	0.119753	1.5
938	-0.581202	39.852764	0.077717	0.070154	1.7
939	-0.634037	40.847287	0.076468	0.035955	1.5
940	-0.600227	40.114107	0.077385	0.042806	2.2
941	-0.616733	40.429082	0.076988	0.103222	2.6
942	-0.590498	39.668968	0.077953	0.054839	4.5
943	-0.538617	40.331280	0.077111	0.108524	2.5
944	-0.587791	41.073608	0.076189	0.117173	2.8
945	-0.628277	40.245737	0.077219	0.096953	3.4
946	-0.623039	39.417872	0.078277	0.024512	2.6
947	-0.559090	39.343942	0.078373	0.046783	3.2
948	-0.610046	39.413426	0.078282	0.031143	2.6
949	-0.565648	39.093489	0.078699	0.068716	2.7
950	-0.638606	38.542444	0.079428	0.058913	3.1
951	-0.579352	39.520300	0.078144	0.061005	2.7
952	-0.619324	40.467151	0.076940	0.006347	2.2
953	-0.581951	40.332307	0.077110	0.056565	2.8
954	-0.574037	40.367543	0.077065	0.228662	1.8
955	-0.604085	39.539448	0.078119	0.059167	2.3
956	-0.621003	40.539447	0.076850	0.025914	2.4
957	-0.640955	40.911445	0.076388	0.077181	2.1
958	-0.585793	40.381987	0.077047	0.040677	1.5
959	-0.565914	40.294244	0.077157	0.145005	1.5
960	-0.580404	39.499626	0.078171	0.092859	1.5
961	-0.607627	38.671520	0.079256	0.191977	1.6
962	-0.597391	39.671520	0.077949	0.053199	1.6
963	-0.590208	40.340133	0.077100	0.228898	1.5
964	-0.633591	39.774560	0.077817	0.090105	2.1
965	-0.634796	40.774560	0.076558	0.085326	2.5
966	-0.642670	41.774253	0.075338	0.053151	2.5
967	-0.560630	40.995044	0.076285	0.013621	1.6
968	-0.612643	40.953269	0.076337	0.071077	1.5
969	-0.626744	41.370175	0.075826	0.117650	1.5
970	-0.574591	40.542209	0.076847	0.124454	2.3
971	-0.632679	39.714102	0.077895	0.089902	1.8
972	-0.645944	38.908611	0.078942	0.031153	1.7
973	-0.542916	38.140923	0.079967	0.057033	1.7
974	-0.592472	37.540683	0.080787	0.200317	1.8
975	-0.671895	38.538297	0.079433	0.153587	1.6
976	-0.623499	39.538297	0.078121	0.058407	1.8
977	-0.584381	39.523025	0.078141	0.031876	1.5
978	-0.605487	39.222957	0.078530	0.089563	1.7
979	-0.652811	38.988657	0.078837	0.036933	2.2
980	-0.585542	38.895550	0.078959	0.150397	1.6
981	-0.625798	38.091651	0.080033	0.039658	1.7
982	-0.602683	37.552384	0.080771	0.086448	1.6
983	-0.599801	36.904539	0.081674	0.078401	1.7
984	-0.622430	37.726415	0.080531	0.062588	1.5
985	-0.563890	37.434236	0.080934	0.109925	1.5
986	-0.567874	36.932866	0.081634	0.092677	1.8
987	-0.563290	37.932745	0.080249	0.027625	1.8
988	-0.536650	37.787482	0.080448	0.017360	1.8
989	-0.565547	37.897661	0.080297	0.022690	1.7
990	-0.621034	38.044688	0.080097	0.102924	1.6
991	-0.586212	38.873557	0.078988	0.062796	1.7
992	-0.608795	38.051816	0.080087	0.042298	1.6
993	-0.554866	37.680951	0.080594	0.105635	1.6
994	-0.589549	38.550783	0.079416	0.137761	1.5
995	-0.603568	39.550783	0.078105	0.085200	1.5
996	-0.598053	40.550742	0.076836	0.058947	2.1
997	-0.574613	40.018478	0.077506	0.139968	1.8
998	-0.598492	39.293047	0.078439	0.048656	1.5
999	-0.639723	38.478675	0.079513	0.048502	1.7
