1:ItNr	2:Metric	3a:Time	3b:StepSize	4:||Gradient||	Time[ms]
0	-1.338821	0.000000	3.930270	0.103105	484.1
1	-1.310837	0.000000	3.930270	0.081678	1.7
2	-1.372927	0.000000	3.930270	0.077622	2.0
3	-1.398284	0.000000	3.930270	0.072824	1.7
4	-1.380170	0.000000	3.930270	0.075181	2.0
5	-1.454829	0.000000	3.930270	0.079406	1.8
6	-1.453599	0.000000	3.930270	0.071384	1.9
7	-1.498895	0.000000	3.930270	0.055841	1.9
8	-1.486569	0.000000	3.930270	0.043651	13.1
9	-1.491125	0.000000	3.930270	0.044906	2.6
10	-1.508009	0.000000	3.930270	0.037057	3.0
11	-1.476444	0.000000	3.930270	0.033678	2.5
12	-1.511071	0.000000	3.930270	0.037152	2.6
13	-1.497907	0.000000	3.930270	0.032054	2.6
14	-1.534328	0.000000	3.930270	0.028038	2.7
15	-1.506754	0.000000	3.930270	0.030919	2.6
16	-1.483671	0.000000	3.930270	0.022365	2.5
17	-1.527548	0.000000	3.930270	0.020857	2.5
18	-1.550718	0.000000	3.930270	0.025589	2.7
19	-1.490760	0.000000	3.930270	0.023088	2.4
20	-1.502593	0.000000	3.930270	0.027524	2.6
21	-1.503524	0.000000	3.930270	0.024875	2.5
22	-1.539223	0.000000	3.930270	0.023099	2.5
23	-1.505660	0.000000	3.930270	0.019967	2.7
24	-1.542678	0.000000	3.930270	0.025176	2.6
25	-1.484065	0.000000	3.930270	0.025524	2.7
26	-1.559944	0.000000	3.930270	0.018255	3.8
27	-1.554740	0.000000	3.930270	0.019887	2.8
28	-1.552767	0.000000	3.930270	0.019067	2.5
29	-1.511459	0.000000	3.930270	0.020702	2.7
30	-1.511609	0.000000	3.930270	0.016161	2.8
31	-1.588467	0.000000	3.930270	0.020913	2.4
32	-1.546274	0.000000	3.930270	0.013726	2.5
33	-1.605570	0.000000	3.930270	0.011474	2.8
34	-1.475645	0.000000	3.930270	0.020917	2.6
35	-1.519110	0.999949	3.751630	0.013470	3.1
36	-1.571566	1.999949	3.588516	0.011496	2.6
37	-1.478074	1.978671	3.591838	0.014603	2.5
38	-1.552235	1.957394	3.595167	0.017663	2.6
39	-1.566928	2.957394	3.445102	0.016100	2.6
40	-1.589164	3.957394	3.307063	0.017696	2.6
41	-1.538836	4.957394	3.179660	0.009624	2.6
42	-1.521963	5.957392	3.061709	0.013883	2.6
43	-1.550365	6.957392	2.952195	0.018068	2.5
44	-1.542097	7.954509	2.850529	0.011864	2.5
45	-1.561557	7.933232	2.852626	0.011614	2.6
46	-1.594796	8.931418	2.757493	0.013328	2.6
47	-1.561271	8.910141	2.759455	0.012815	2.5
48	-1.583894	9.910141	2.670181	0.010569	2.6
49	-1.572218	9.888864	2.672020	0.011257	1.8
50	-1.536779	10.888853	2.588230	0.014634	1.7
51	-1.556780	10.867576	2.589958	0.019861	1.8
52	-1.553937	11.867576	2.511158	0.015277	1.6
53	-1.551031	11.846298	2.512785	0.015375	2.0
54	-1.586927	11.825024	2.514413	0.018510	1.7
55	-1.537064	12.825021	2.440078	0.011880	1.8
56	-1.567381	13.825021	2.370011	0.015835	2.1
57	-1.537635	13.803744	2.371460	0.018650	1.8
58	-1.592452	14.803744	2.305225	0.004819	1.9
59	-1.573063	15.803143	2.242626	0.011153	1.7
60	-1.507779	15.784010	2.243792	0.013645	1.7
61	-1.564090	15.762732	2.245091	0.018853	1.8
62	-1.527484	16.762732	2.185638	0.011451	2.0
63	-1.533175	17.762732	2.129253	0.009485	2.1
64	-1.546734	17.741455	2.130423	0.020817	2.0
65	-1.513775	18.741455	2.076816	0.012278	1.7
66	-1.563428	19.741451	2.025840	0.011662	2.3
67	-1.559848	19.720174	2.026899	0.009010	1.7
68	-1.541186	19.698899	2.027958	0.012812	1.8
69	-1.545941	19.677621	2.029019	0.020664	2.3
70	-1.530883	20.677621	1.980336	0.009230	2.5
71	-1.515656	20.695887	1.979468	0.008073	2.3
72	-1.560064	20.674610	1.980479	0.008493	1.6
73	-1.561078	20.653333	1.981490	0.009522	1.7
74	-1.532149	20.632056	1.982503	0.009642	2.1
75	-1.562080	20.610778	1.983517	0.013391	1.6
76	-1.559399	20.589556	1.984529	0.007338	1.8
77	-1.534259	20.568435	1.985537	0.011615	1.9
78	-1.548814	20.547158	1.986554	0.007768	2.0
79	-1.505030	20.525881	1.987572	0.010057	1.9
80	-1.544227	20.504604	1.988591	0.007663	1.8
81	-1.569215	20.483326	1.989611	0.010656	1.7
82	-1.526789	20.462049	1.990632	0.012179	1.9
83	-1.528598	20.440772	1.991654	0.013418	1.6
84	-1.531175	20.419495	1.992677	0.014768	1.8
85	-1.527691	20.398217	1.993701	0.013507	1.6
86	-1.548522	20.376940	1.994726	0.014751	2.2
87	-1.558195	20.355663	1.995753	0.014376	2.0
88	-1.536893	20.334385	1.996780	0.016895	1.7
89	-1.551643	20.313108	1.997808	0.017936	1.8
90	-1.531441	20.291831	1.998838	0.018025	1.6
91	-1.529651	20.270554	1.999868	0.019916	1.9
92	-1.559088	20.249276	2.000900	0.016977	1.8
93	-1.547726	20.227999	2.001933	0.020582	1.6
94	-1.556338	20.206722	2.002966	0.019446	1.8
95	-1.554597	20.185444	2.004001	0.025101	1.8
96	-1.531745	20.164167	2.005037	0.024679	1.6
97	-1.525306	20.142890	2.006074	0.023808	3.4
98	-1.569281	20.121613	2.007112	0.030018	2.7
99	-1.564817	20.100335	2.008151	0.025085	4.1
100	-1.579615	20.079058	2.009191	0.025117	3.8
101	-1.563920	20.057781	2.010232	0.029193	7.3
102	-1.607479	20.036503	2.011275	0.025717	2.8
103	-1.548193	20.015226	2.012318	0.027995	2.8
104	-1.585670	19.993949	2.013362	0.038855	2.7
105	-1.617933	19.972672	2.014408	0.034669	2.5
106	-1.554852	19.951394	2.015455	0.035006	2.6
107	-1.584858	19.930117	2.016502	0.037055	2.7
108	-1.579240	19.908840	2.017551	0.042371	2.5
109	-1.561622	19.887563	2.018601	0.038775	2.5
110	-1.572249	19.866285	2.019652	0.046713	2.6
111	-1.569589	19.845008	2.020704	0.038888	2.5
112	-1.599585	19.823731	2.021757	0.040783	2.7
113	-1.579865	19.802453	2.022812	0.040273	2.9
114	-1.622024	19.781176	2.023867	0.040197	2.4
115	-1.629481	19.759899	2.024923	0.034321	2.6
116	-1.618719	19.738622	2.025981	0.033495	2.7
117	-1.633911	19.717344	2.027040	0.034245	2.4
118	-1.600594	19.696067	2.028100	0.026169	2.5
119	-1.626997	19.674790	2.029160	0.022471	2.5
120	-1.612507	19.653512	2.030223	0.019045	2.5
121	-1.633672	19.632235	2.031286	0.018896	3.3
122	-1.656493	19.610958	2.032350	0.016073	2.5
123	-1.545782	19.589681	2.033415	0.018709	2.3
124	-1.608666	19.568403	2.034482	0.014095	2.4
125	-1.620127	19.547126	2.035549	0.024956	2.4
126	-1.631135	19.525849	2.036618	0.009597	2.4
127	-1.628538	19.504571	2.037688	0.015411	2.6
128	-1.633358	19.483294	2.038759	0.013091	2.5
129	-1.625868	19.462017	2.039831	0.015990	2.4
130	-1.619427	19.440740	2.040904	0.012219	2.7
131	-1.601067	19.419462	2.041979	0.014148	2.4
132	-1.652749	19.398185	2.043054	0.013921	2.6
133	-1.614746	19.376908	2.044131	0.012298	2.6
134	-1.636766	19.355631	2.045208	0.012546	2.5
135	-1.572125	19.334353	2.046287	0.016875	2.6
136	-1.630776	19.313076	2.047367	0.015607	2.4
137	-1.633241	19.291799	2.048449	0.014450	2.4
138	-1.617560	19.270521	2.049531	0.015753	2.4
139	-1.633077	19.249244	2.050614	0.015818	2.5
140	-1.644633	19.227967	2.051699	0.017018	2.5
141	-1.646919	19.206690	2.052785	0.020049	1.8
142	-1.659397	19.185412	2.053872	0.019714	1.8
143	-1.619142	19.164135	2.054960	0.018557	2.0
144	-1.575350	19.142858	2.056049	0.016402	1.8
145	-1.635910	19.121580	2.057139	0.015596	1.7
146	-1.587467	19.100303	2.058231	0.018358	2.3
147	-1.581755	19.079026	2.059323	0.018932	1.9
148	-1.633377	19.057749	2.060417	0.018391	1.8
149	-1.621189	19.036471	2.061512	0.019222	1.6
150	-1.646335	19.015194	2.062608	0.020676	1.8
151	-1.616536	18.993917	2.063706	0.020328	1.6
152	-1.619041	18.972640	2.064804	0.015578	1.8
153	-1.668518	18.951362	2.065904	0.016536	1.6
154	-1.629065	18.930085	2.067005	0.019560	1.8
155	-1.654009	18.908808	2.068107	0.012424	1.8
156	-1.605732	18.887530	2.069210	0.013003	2.3
157	-1.660480	18.866253	2.070314	0.010235	2.8
158	-1.642268	18.844976	2.071420	0.011190	1.6
159	-1.615600	18.823699	2.072527	0.027037	1.8
160	-1.687260	19.569026	2.034451	0.010778	1.6
161	-1.586721	20.569025	1.985509	0.009744	2.7
162	-1.662303	20.547747	1.986526	0.014274	1.8
163	-1.644692	20.526470	1.987544	0.011949	1.8
164	-1.646195	20.505193	1.988563	0.026646	2.0
165	-1.658744	21.505193	1.941779	0.007575	1.8
166	-1.700394	22.505193	1.897145	0.011528	1.8
167	-1.610399	22.483916	1.898074	0.005269	1.7
168	-1.615451	22.462639	1.899003	0.009504	1.9
169	-1.647635	22.441362	1.899933	0.030361	1.7
170	-1.650995	23.441362	1.857182	0.007508	1.9
171	-1.622450	24.441362	1.816312	0.007619	2.8
172	-1.645046	24.420085	1.817163	0.009761	1.8
173	-1.626651	24.398811	1.818014	0.008252	1.8
174	-1.629044	24.377534	1.818866	0.007584	1.6
175	-1.599671	24.356270	1.819719	0.002520	1.8
176	-1.627936	24.343610	1.820227	0.024760	1.8
177	-1.656958	25.324250	1.781695	0.003491	1.7
178	-1.666818	26.323146	1.744087	0.009222	2.0
179	-1.580865	26.375345	1.742165	0.005300	2.2
180	-1.594515	26.379813	1.742001	0.005328	2.1
181	-1.613694	26.358646	1.742779	0.002613	1.8
182	-1.672670	26.338045	1.743538	0.005095	1.8
183	-1.598481	26.320465	1.744186	0.006419	1.6
184	-1.641121	27.238728	1.710984	0.010808	1.9
185	-1.642578	27.217450	1.711739	0.028596	1.8
186	-1.623381	28.217450	1.676960	0.004685	1.8
187	-1.611484	28.215498	1.677026	0.007589	2.0
188	-1.617503	28.194264	1.677750	0.006097	2.2
189	-1.608760	28.172991	1.678476	0.007406	1.8
190	-1.601055	28.151722	1.679202	0.009384	1.9
191	-1.617693	29.069774	1.648413	0.011092	1.9
192	-1.625162	30.069774	1.616136	0.007623	1.9
193	-1.638892	30.058780	1.616484	0.028120	1.9
194	-1.586029	31.058780	1.585432	0.007093	1.8
195	-1.660557	32.058780	1.555552	0.004972	1.9
196	-1.638987	32.037505	1.556176	0.008360	1.8
197	-1.603879	32.016229	1.556800	0.007959	2.0
198	-1.665183	31.994952	1.557425	0.029555	1.9
199	-1.643301	32.994952	1.528581	0.003283	2.3
200	-1.621246	33.994952	1.500786	0.013232	1.8
201	-1.607264	33.973675	1.501367	0.011221	2.2
202	-1.637884	33.952398	1.501949	0.007957	2.6
203	-1.644293	33.931274	1.502526	0.004287	2.4
204	-1.668286	33.910287	1.503100	0.031042	2.4
205	-1.646488	34.910287	1.476216	0.004136	2.5
206	-1.632506	35.910279	1.450277	0.006816	3.0
207	-1.635348	35.891343	1.450760	0.006483	2.6
208	-1.619298	35.870066	1.451303	0.006027	2.4
209	-1.669556	35.848790	1.451846	0.005803	2.8
210	-1.599610	35.827670	1.452385	0.004599	2.4
211	-1.619914	35.807085	1.452912	0.006547	2.4
212	-1.668628	35.785837	1.453455	0.031113	2.4
213	-1.661011	36.785837	1.428303	0.002707	2.5
214	-1.649042	36.764567	1.428829	0.006225	2.8
215	-1.608870	36.804262	1.427848	0.006438	2.3
216	-1.617317	36.782985	1.428373	0.007321	2.4
217	-1.631202	36.763058	1.428866	0.007749	2.4
218	-1.693789	36.746502	1.429276	0.004705	2.4
219	-1.629310	36.725272	1.429801	0.001875	2.4
220	-1.637564	36.711188	1.430150	0.001077	2.5
221	-1.642527	36.721738	1.429889	0.007588	2.5
222	-1.605756	36.838683	1.426998	0.027226	2.4
223	-1.668512	37.838683	1.402745	0.006403	2.5
224	-1.566440	37.817406	1.403253	0.008822	2.5
225	-1.632352	38.797237	1.380259	0.006706	2.5
226	-1.590851	39.359352	1.367405	0.009981	2.5
227	-1.640764	39.338075	1.367887	0.001145	2.5
228	-1.640077	39.334824	1.367961	0.007815	2.5
229	-1.610394	39.335222	1.367952	0.010721	2.4
230	-1.662043	39.313953	1.368434	0.004295	2.5
231	-1.623691	39.307956	1.368570	0.008384	2.6
232	-1.617635	39.288005	1.369023	0.024547	2.5
233	-1.678905	40.288005	1.346686	0.005638	2.5
234	-1.632764	40.352493	1.345270	0.008917	2.7
235	-1.653598	41.351971	1.323706	0.007421	2.8
236	-1.668992	42.351714	1.302817	0.001489	3.0
237	-1.619934	42.335308	1.303154	0.007104	2.5
238	-1.629720	42.356450	1.302719	0.002949	2.5
239	-1.617831	42.335711	1.303146	0.002686	2.6
240	-1.621804	42.342343	1.303010	0.004392	2.5
241	-1.660545	42.355112	1.302747	0.004077	2.3
242	-1.660637	42.728314	1.295118	0.003506	2.3
243	-1.638306	42.729990	1.295084	0.016493	2.3
244	-1.603854	42.708714	1.295516	0.027548	2.5
245	-1.658790	43.708714	1.275496	0.004007	2.4
246	-1.647596	44.708714	1.256084	0.004714	2.3
247	-1.669945	44.687891	1.256482	0.008590	3.2
248	-1.634312	44.666615	1.256889	0.002977	2.4
249	-1.649866	45.456434	1.241952	0.008613	2.3
250	-1.627520	45.436697	1.242321	0.004050	2.4
251	-1.608163	45.420961	1.242615	0.006545	2.4
252	-1.620352	45.400035	1.243007	0.005780	2.9
253	-1.630209	45.392665	1.243144	0.029714	2.5
254	-1.599471	46.392665	1.224698	0.002428	2.4
255	-1.625187	47.392119	1.206801	0.003678	2.5
256	-1.586062	47.387557	1.206881	0.006493	2.4
257	-1.673766	47.422973	1.206257	0.003223	3.0
258	-1.606446	47.401866	1.206629	0.010287	2.4
259	-1.672099	47.380593	1.207004	0.004097	2.4
260	-1.649437	47.359318	1.207380	0.001767	2.3
261	-1.650671	47.399512	1.206671	0.003580	2.3
262	-1.617416	47.383045	1.206961	0.002911	2.4
263	-1.651295	47.473519	1.205366	0.001498	2.4
264	-1.608123	47.483620	1.205189	0.001899	2.3
265	-1.613467	47.484407	1.205175	0.004707	2.4
266	-1.615419	47.477079	1.205304	0.005298	2.8
267	-1.655874	47.455849	1.205677	0.003142	2.3
268	-1.573715	47.443630	1.205893	0.006351	2.5
269	-1.595011	47.438094	1.205990	0.021039	2.3
270	-1.619505	48.438094	1.188622	0.007365	2.3
271	-1.625002	49.438094	1.171748	0.005025	2.3
272	-1.631534	49.416819	1.172102	0.006504	2.3
273	-1.633573	49.396272	1.172444	0.002267	2.5
274	-1.609345	49.375627	1.172788	0.003102	2.4
275	-1.616822	49.358218	1.173078	0.031808	2.3
276	-1.630535	50.358218	1.156639	0.002565	2.6
277	-1.637221	50.336941	1.156984	0.001595	2.4
278	-1.653100	50.363114	1.156559	0.005112	2.4
279	-1.595999	50.344530	1.156861	0.006586	2.5
280	-1.617767	50.396168	1.156024	0.005838	2.4
281	-1.664507	50.383095	1.156236	0.007527	2.5
282	-1.606209	50.361818	1.156580	0.005510	2.4
283	-1.596150	50.609255	1.152584	0.002834	2.4
284	-1.617859	50.787173	1.149727	0.003482	2.4
285	-1.659886	50.819267	1.149214	0.003423	2.3
286	-1.626445	50.799398	1.149532	0.004213	2.9
287	-1.592618	50.785240	1.149758	0.005166	3.0
288	-1.647847	50.764292	1.150094	0.027280	5.1
289	-1.661996	51.764292	1.134288	0.004902	2.8
290	-1.637609	52.764292	1.118911	0.002776	2.6
291	-1.609058	52.750913	1.119114	0.004350	2.5
292	-1.639208	52.749600	1.119134	0.000727	2.5
293	-1.618281	52.739645	1.119285	0.007981	3.7
294	-1.607249	52.726640	1.119482	0.009157	2.9
295	-1.635371	52.705396	1.119805	0.007679	3.0
296	-1.657598	52.684119	1.120128	0.030332	2.9
297	-1.632190	53.684119	1.105130	0.003386	2.6
298	-1.664840	54.684119	1.090528	0.007292	3.4
299	-1.583988	54.662999	1.090833	0.014066	3.0
300	-1.619900	54.641722	1.091140	0.006672	2.4
301	-1.634442	54.620445	1.091447	0.007602	2.5
302	-1.607449	54.599168	1.091754	0.023917	3.0
303	-1.621848	55.599168	1.077501	0.011251	2.3
304	-1.629939	55.577890	1.077800	0.010889	2.5
305	-1.658184	55.556613	1.078100	0.007394	2.3
306	-1.610438	56.440597	1.065793	0.005351	2.5
307	-1.591638	56.424058	1.066021	0.004422	2.4
308	-1.588317	56.673841	1.062593	0.008726	2.3
309	-1.650914	56.652568	1.062884	0.026476	2.4
310	-1.656460	57.652568	1.049370	0.004717	2.4
311	-1.624953	58.455340	1.038768	0.003971	2.4
312	-1.681373	58.441416	1.038950	0.003318	2.3
313	-1.626883	58.421432	1.039212	0.001012	2.3
314	-1.636112	58.426599	1.039144	0.005042	2.3
315	-1.656502	58.426000	1.039152	0.004074	2.4
316	-1.595970	58.412891	1.039323	0.008309	2.4
317	-1.641399	58.391691	1.039601	0.004027	2.5
318	-1.635178	58.370815	1.039874	0.030900	2.2
319	-1.650647	59.370815	1.026936	0.001860	2.3
320	-1.600606	60.369598	1.014331	0.009416	2.5
321	-1.645204	60.349957	1.014576	0.006040	2.3
322	-1.616711	60.331062	1.014811	0.005717	2.4
323	-1.616097	60.310638	1.015066	0.003720	2.4
324	-1.692715	60.289495	1.015330	0.002188	2.3
325	-1.613745	60.281486	1.015430	0.012478	2.4
326	-1.637983	60.310844	1.015064	0.023373	3.2
327	-1.612729	61.310844	1.002732	0.009455	2.7
328	-1.664458	62.310842	0.990695	0.003542	2.5
329	-1.623670	62.960842	0.983026	0.007729	2.6
330	-1.625101	63.798986	0.973310	0.004547	2.6
331	-1.635008	63.828382	0.972972	0.006797	2.4
332	-1.673526	63.807114	0.973216	0.004823	2.5
333	-1.627326	63.785845	0.973461	0.003835	2.5
334	-1.625503	63.765365	0.973696	0.002672	2.4
335	-1.601095	63.747111	0.973905	0.003346	2.4
336	-1.654332	63.772528	0.973613	0.003800	2.5
337	-1.672491	63.753496	0.973832	0.029351	2.4
338	-1.639403	64.722665	0.962822	0.001770	2.3
339	-1.653061	64.701410	0.963061	0.005692	2.4
340	-1.605436	64.842532	0.961478	0.007554	2.5
341	-1.609435	64.821256	0.961716	0.008762	2.5
342	-1.635678	64.799978	0.961955	0.006517	2.5
343	-1.645560	64.778701	0.962193	0.006196	2.4
344	-1.665668	65.759460	0.951316	0.003779	2.3
345	-1.651388	66.592432	0.942269	0.007891	2.3
346	-1.645461	66.571168	0.942498	0.003497	2.3
347	-1.598563	67.355020	0.934137	0.010836	2.4
348	-1.559277	68.162133	0.925681	0.032111	2.4
349	-1.649989	69.162133	0.915414	0.005119	2.5
350	-1.651716	69.147667	0.915561	0.004557	2.3
351	-1.616381	69.126688	0.915774	0.012294	2.4
352	-1.631125	69.106596	0.915978	0.005722	2.4
353	-1.598185	69.085318	0.916195	0.007184	2.5
354	-1.602857	69.064043	0.916411	0.002195	2.3
355	-1.651079	69.045459	0.916600	0.001272	2.3
356	-1.645719	69.037502	0.916681	0.005565	2.2
357	-1.609579	69.020750	0.916852	0.003928	2.4
358	-1.615349	68.999578	0.917067	0.023636	2.4
359	-1.627457	69.999577	0.906990	0.004043	2.6
360	-1.605783	70.999571	0.897131	0.003813	2.4
361	-1.646717	70.980318	0.897319	0.004718	2.6
362	-1.611573	70.959502	0.897522	0.005573	2.5
363	-1.631616	70.938257	0.897729	0.009313	2.4
364	-1.611724	70.916984	0.897937	0.025338	2.3
365	-1.607677	71.916984	0.888273	0.004105	2.3
366	-1.639885	72.916984	0.878815	0.005542	2.3
367	-1.645639	72.896019	0.879011	0.004034	2.6
368	-1.607762	72.874819	0.879210	0.006533	3.0
369	-1.607003	72.854809	0.879397	0.003095	2.9
370	-1.645634	72.834242	0.879590	0.002040	2.5
371	-1.645753	72.867642	0.879277	0.001897	2.3
372	-1.608863	72.883494	0.879129	0.006543	2.4
373	-1.610023	72.865255	0.879300	0.029642	2.5
374	-1.658726	73.865255	0.870031	0.007766	2.9
375	-1.642769	74.865255	0.860955	0.003187	2.3
376	-1.640693	74.933211	0.860345	0.006519	2.3
377	-1.556190	75.475315	0.855511	0.006672	2.3
378	-1.617237	75.454040	0.855700	0.003044	2.3
379	-1.610605	75.458999	0.855656	0.007891	2.6
380	-1.615277	76.229556	0.848874	0.007724	2.3
381	-1.668186	76.208454	0.849059	0.005746	2.5
382	-1.649323	76.187183	0.849244	0.004350	1.9
383	-1.606546	76.870681	0.843314	0.002886	1.9
384	-1.647375	76.887551	0.843168	0.005198	1.7
385	-1.667170	76.868065	0.843336	0.027428	1.8
386	-1.629780	77.868065	0.834806	0.009125	1.8
387	-1.589628	78.868065	0.826447	0.012792	1.7
388	-1.623871	78.846788	0.826623	0.002749	1.6
389	-1.619592	78.825515	0.826799	0.011046	1.6
390	-1.650875	78.804248	0.826976	0.025177	1.8
391	-1.633632	79.804248	0.818772	0.002393	1.8
392	-1.598925	79.782971	0.818945	0.009057	1.8
393	-1.598246	79.994391	0.817230	0.006103	1.9
394	-1.600471	79.973448	0.817400	0.007328	1.8
395	-1.637206	79.952172	0.817572	0.006504	1.8
396	-1.597558	79.930895	0.817744	0.030884	1.9
397	-1.595047	80.930895	0.809722	0.004719	3.2
398	-1.660276	81.930895	0.801855	0.005365	1.9
399	-1.580121	81.909658	0.802021	0.011419	2.0
400	-1.653196	81.888380	0.802187	0.007344	1.8
401	-1.638634	81.867103	0.802352	0.005638	1.8
402	-1.590651	81.845826	0.802518	0.004838	2.2
403	-1.617502	82.755429	0.795483	0.004227	1.8
404	-1.622523	82.734342	0.795645	0.003972	2.0
405	-1.624955	82.719082	0.795762	0.005603	2.0
406	-1.610612	82.698613	0.795919	0.027235	1.9
407	-1.561496	83.691861	0.788368	0.008756	1.9
408	-1.629506	84.691861	0.780909	0.005564	2.2
409	-1.671551	84.670584	0.781066	0.005877	1.8
410	-1.618659	84.649315	0.781223	0.005209	1.7
411	-1.610679	84.628165	0.781379	0.004009	2.0
412	-1.653513	84.607104	0.781535	0.004966	1.8
413	-1.621679	84.589883	0.781663	0.007201	8.1
414	-1.618922	84.569772	0.781812	0.029658	1.8
415	-1.695055	85.569772	0.774475	0.004733	2.0
416	-1.645608	85.548494	0.774630	0.006932	1.7
417	-1.658980	86.166256	0.770165	0.004145	2.3
418	-1.605743	86.145133	0.770317	0.008316	1.8
419	-1.590978	86.124935	0.770462	0.003490	1.9
420	-1.632165	86.103673	0.770615	0.004312	1.8
421	-1.590140	86.082941	0.770764	0.000686	1.8
422	-1.631728	86.072874	0.770836	0.006659	2.2
423	-1.646317	86.063075	0.770907	0.005900	2.6
424	-1.590462	86.041814	0.771060	0.030741	1.9
425	-1.645213	87.041814	0.763923	0.003145	2.9
426	-1.626815	88.041717	0.756918	0.004770	2.7
427	-1.603330	88.038217	0.756943	0.013883	2.1
428	-1.631695	88.016976	0.757090	0.012613	2.1
429	-1.604395	87.995699	0.757238	0.005045	2.5
430	-1.626984	88.994124	0.750364	0.005542	2.5
431	-1.598334	88.974083	0.750501	0.004094	2.4
432	-1.647625	88.967924	0.750543	0.032200	2.6
433	-1.654873	88.954043	0.750638	0.002204	2.5
434	-1.644728	88.961057	0.750590	0.003543	2.6
435	-1.606007	89.001068	0.750317	0.005617	3.4
436	-1.626666	88.980338	0.750458	0.007705	3.3
437	-1.638875	88.959069	0.750604	0.006232	2.7
438	-1.659422	88.942844	0.750714	0.004250	2.9
439	-1.619170	89.874105	0.744409	0.005425	3.0
440	-1.618338	89.878877	0.744377	0.005699	2.9
441	-1.627710	89.857608	0.744520	0.004604	2.5
442	-1.652025	89.854231	0.744542	0.004598	2.8
443	-1.666099	89.833161	0.744684	0.004546	3.3
444	-1.623349	89.812017	0.744826	0.002493	3.0
445	-1.614941	89.809139	0.744845	0.029548	3.3
446	-1.611958	90.809138	0.738184	0.005193	2.7
447	-1.620014	91.809138	0.731640	0.005424	3.5
448	-1.581142	91.789356	0.731768	0.010968	2.8
449	-1.607631	91.768106	0.731906	0.005353	2.9
450	-1.654422	91.746829	0.732044	0.001397	2.6
451	-1.642931	91.747236	0.732042	0.004294	5.1
452	-1.597101	91.731064	0.732147	0.004987	4.5
453	-1.624307	91.881087	0.731174	0.009467	2.8
454	-1.625633	91.859811	0.731311	0.028143	3.3
455	-1.682585	92.859811	0.724889	0.001631	3.6
456	-1.604100	93.842228	0.718688	0.006655	3.0
457	-1.667526	93.883385	0.718430	0.006495	2.7
458	-1.613609	94.882650	0.712235	0.003512	2.7
459	-1.607213	94.975551	0.711664	0.013235	3.8
460	-1.633005	94.954286	0.711795	0.006040	3.0
461	-1.623346	94.933008	0.711926	0.002380	3.1
462	-1.642010	94.912522	0.712051	0.003835	2.9
463	-1.647626	94.901445	0.712119	0.006391	2.9
464	-1.629236	94.880234	0.712250	0.025758	2.7
465	-1.640200	95.880234	0.706156	0.006604	3.5
466	-1.629645	96.880234	0.700166	0.008984	2.4
467	-1.631648	97.879993	0.694277	0.005381	2.5
468	-1.665269	98.878751	0.688493	0.009474	2.3
469	-1.583191	98.857678	0.688614	0.009178	2.5
470	-1.668798	98.836401	0.688736	0.003182	2.5
471	-1.609500	98.815384	0.688857	0.021595	2.4
472	-1.624975	99.815261	0.683156	0.003673	2.5
473	-1.622592	100.815260	0.677548	0.005484	2.2
474	-1.637678	100.794150	0.677665	0.011728	2.4
475	-1.647823	100.772873	0.677784	0.012997	2.5
476	-1.635902	101.772867	0.672263	0.008481	2.3
477	-1.650651	101.751590	0.672380	0.025697	2.2
478	-1.602595	102.751590	0.666946	0.006018	2.5
479	-1.614920	103.751590	0.661600	0.004866	5.3
480	-1.647959	103.730370	0.661713	0.009451	2.6
481	-1.623496	103.709093	0.661826	0.001783	2.4
482	-1.609925	103.695142	0.661900	0.002832	2.4
483	-1.641395	103.688292	0.661936	0.024139	2.5
484	-1.634852	104.688288	0.656670	0.010847	2.6
485	-1.626074	105.688288	0.651486	0.005264	3.5
486	-1.680335	105.738849	0.651226	0.003563	4.2
487	-1.619933	105.717756	0.651335	0.007089	2.9
488	-1.637131	105.853926	0.650636	0.003970	2.8
489	-1.648065	105.833473	0.650740	0.004678	2.5
490	-1.600979	105.829260	0.650762	0.014051	2.2
491	-1.601989	105.844569	0.650684	0.022040	2.4
492	-1.602056	106.844569	0.645594	0.002670	3.1
493	-1.582248	107.669309	0.641456	0.008202	3.0
494	-1.673891	107.649962	0.641552	0.004315	2.3
495	-1.678833	107.630206	0.641651	0.002236	2.5
496	-1.644274	107.620089	0.641701	0.002988	2.4
497	-1.577300	107.656885	0.641518	0.008809	2.5
498	-1.653612	107.672137	0.641442	0.034933	2.4
499	-1.624495	108.672137	0.636495	0.006233	2.6
500	-1.638777	109.672137	0.631624	0.003764	2.7
501	-1.614008	109.650931	0.631727	0.001288	2.5
502	-1.672237	109.638495	0.631787	0.003631	2.5
503	-1.616063	109.628407	0.631836	0.007477	2.7
504	-1.610352	109.610024	0.631925	0.014498	2.4
505	-1.609041	109.588747	0.632027	0.008724	2.7
506	-1.637337	109.567470	0.632130	0.035787	2.4
507	-1.604491	110.567470	0.627326	0.011327	2.6
508	-1.663258	111.567470	0.622594	0.006495	2.7
509	-1.636410	111.546192	0.622694	0.006538	2.8
510	-1.638124	111.576645	0.622551	0.006473	2.8
511	-1.671864	111.567408	0.622594	0.002649	2.9
512	-1.667017	112.019783	0.620477	0.001872	2.7
513	-1.616846	112.012765	0.620509	0.002666	3.2
514	-1.641728	111.997810	0.620579	0.007006	2.8
515	-1.604467	111.976801	0.620677	0.002999	3.0
516	-1.668776	111.955700	0.620776	0.024285	2.7
517	-1.656309	112.955236	0.616144	0.006661	2.7
518	-1.615339	113.955236	0.611578	0.001002	3.0
519	-1.594439	113.952442	0.611591	0.009621	2.7
520	-1.658481	113.953787	0.611585	0.005423	2.5
521	-1.641440	114.953580	0.607087	0.005845	5.0
522	-1.625485	114.932313	0.607182	0.006338	5.5
523	-1.602281	114.911039	0.607277	0.004127	2.8
524	-1.610599	114.890102	0.607371	0.001490	3.1
525	-1.621170	114.874289	0.607441	0.003006	3.1
526	-1.691755	114.862896	0.607492	0.004538	3.4
527	-1.653509	115.020857	0.606787	0.002920	2.8
528	-1.639855	115.009270	0.606839	0.004643	3.1
529	-1.665469	114.989642	0.606926	0.006792	2.7
530	-1.673540	115.383734	0.605172	0.005210	2.9
531	-1.636926	115.362460	0.605267	0.004456	3.4
532	-1.636422	115.624530	0.604106	0.008647	3.0
533	-1.660500	115.603263	0.604200	0.033952	2.6
534	-1.625767	116.603263	0.599809	0.009332	3.0
535	-1.617338	117.603263	0.595481	0.005042	3.0
536	-1.589643	117.582023	0.595573	0.005378	3.5
537	-1.629382	117.560839	0.595664	0.003798	2.7
538	-1.634900	117.541448	0.595747	0.004651	2.7
539	-1.646358	117.552860	0.595698	0.003923	3.0
540	-1.604997	117.543410	0.595739	0.008524	2.9
541	-1.645791	117.524221	0.595821	0.027794	3.2
542	-1.633238	118.524221	0.591551	0.006291	2.8
543	-1.654798	119.524221	0.587341	0.003009	3.1
544	-1.588632	119.554360	0.587215	0.006719	3.0
545	-1.637144	119.756946	0.586370	0.006699	3.0
546	-1.636287	119.735671	0.586459	0.009159	2.3
547	-1.650637	119.714397	0.586547	0.002993	2.4
548	-1.591588	120.612842	0.582826	0.011051	2.9
549	-1.649475	121.274820	0.580114	0.028111	2.2
550	-1.633945	122.274820	0.576065	0.011050	2.5
551	-1.611703	123.274820	0.572073	0.005076	2.5
552	-1.637522	123.294673	0.571994	0.002071	2.7
553	-1.663891	123.276958	0.572064	0.003982	2.5
554	-1.622145	123.297188	0.571984	0.007653	2.4
555	-1.618931	123.900480	0.569603	0.002181	2.5
556	-1.617425	123.888840	0.569648	0.003614	2.4
557	-1.623427	123.879695	0.569684	0.003696	3.4
558	-1.618212	123.859733	0.569763	0.029364	3.5
559	-1.617343	124.859733	0.565856	0.006227	2.4
560	-1.593715	125.859733	0.562003	0.007175	2.5
561	-1.682495	125.838460	0.562085	0.001804	2.9
562	-1.643912	125.820468	0.562154	0.011133	2.6
563	-1.655433	125.808464	0.562200	0.005629	2.6
564	-1.616388	125.788160	0.562277	0.007021	2.8
565	-1.667703	125.767074	0.562358	0.004249	2.5
566	-1.625294	125.760710	0.562383	0.021485	2.6
567	-1.638990	126.760708	0.558577	0.006980	2.5
568	-1.682083	127.437552	0.556030	0.012216	2.5
569	-1.679598	127.416275	0.556109	0.003948	2.3
570	-1.659561	128.414813	0.552393	0.009378	2.8
571	-1.591301	128.393542	0.552472	0.011866	2.5
572	-1.641690	128.372277	0.552550	0.003397	2.4
573	-1.609741	128.351011	0.552629	0.003892	2.5
574	-1.639450	128.330844	0.552703	0.007892	2.5
575	-1.639375	129.254569	0.549306	0.005039	2.5
576	-1.626266	130.197194	0.545881	0.004084	2.3
577	-1.640502	130.203307	0.545859	0.003521	2.5
578	-1.620773	130.225851	0.545778	0.001542	3.6
579	-1.648488	130.236195	0.545740	0.025582	2.7
580	-1.657739	131.233962	0.542163	0.007905	2.5
581	-1.645535	132.233962	0.538625	0.007372	2.5
582	-1.660466	133.233190	0.535136	0.005833	2.5
583	-1.607440	133.217456	0.535190	0.011925	2.6
584	-1.659098	134.217449	0.531742	0.006064	2.6
585	-1.646529	134.196211	0.531815	0.002982	2.5
586	-1.641397	134.178313	0.531876	0.006947	2.4
587	-1.653899	134.157890	0.531946	0.001447	2.4
588	-1.623279	134.170976	0.531902	0.007093	5.2
589	-1.597403	134.341520	0.531318	0.005095	5.6
590	-1.608007	134.320252	0.531390	0.028816	2.9
591	-1.607749	135.320252	0.527991	0.009169	3.0
592	-1.634444	136.320252	0.524635	0.006664	3.1
593	-1.591346	136.298975	0.524706	0.007599	4.8
594	-1.628134	136.277698	0.524777	0.004171	3.9
595	-1.643296	136.256498	0.524847	0.006754	2.7
596	-1.649116	136.238063	0.524909	0.024047	3.6
597	-1.607000	137.238063	0.521592	0.011845	2.8
598	-1.633092	138.238063	0.518316	0.003238	3.0
599	-1.652794	139.230272	0.515107	0.002688	2.8
600	-1.575996	139.211412	0.515167	0.009743	2.5
601	-1.610664	139.190286	0.515235	0.003673	3.9
602	-1.654341	139.169024	0.515304	0.003553	2.9
603	-1.606992	139.207482	0.515180	0.005868	3.0
604	-1.593717	139.192655	0.515228	0.002255	2.9
605	-1.629923	139.179068	0.515271	0.002452	3.3
606	-1.636840	139.173052	0.515291	0.007184	3.3
607	-1.599832	139.153461	0.515354	0.030171	2.6
608	-1.626619	140.153461	0.512156	0.007532	2.6
609	-1.640282	141.153461	0.508997	0.005173	2.7
610	-1.624621	141.132185	0.509064	0.008082	2.6
611	-1.601312	141.110950	0.509131	0.008015	3.1
612	-1.638511	141.089673	0.509198	0.008178	2.9
613	-1.621918	141.096653	0.509176	0.037070	2.9
614	-1.650393	142.096653	0.506054	0.005408	4.2
615	-1.630823	143.096653	0.502970	0.003096	3.0
616	-1.649432	143.076147	0.503033	0.006059	3.1
617	-1.659982	143.055056	0.503097	0.004373	3.3
618	-1.601868	143.033894	0.503162	0.002277	3.4
619	-1.642293	143.022181	0.503198	0.005488	3.2
620	-1.608074	143.001848	0.503261	0.001499	2.8
621	-1.671109	142.983219	0.503318	0.006417	2.9
622	-1.627156	142.975206	0.503342	0.002301	2.9
623	-1.618357	143.000294	0.503265	0.008240	2.3
624	-1.618430	142.998243	0.503272	0.010537	2.7
625	-1.647426	142.976966	0.503337	0.002956	2.3
626	-1.656529	142.955839	0.503402	0.003807	2.4
627	-1.643039	142.936003	0.503463	0.010527	3.7
628	-1.647458	142.914726	0.503528	0.030185	2.2
629	-1.639152	143.914726	0.500475	0.009985	2.5
630	-1.651034	144.914726	0.497458	0.002270	2.5
631	-1.617916	145.428924	0.495921	0.006184	2.7
632	-1.599846	145.442720	0.495880	0.002457	3.1
633	-1.635628	145.422062	0.495942	0.001432	3.1
634	-1.626829	145.410581	0.495976	0.003622	2.9
635	-1.633078	145.401028	0.496005	0.004251	2.9
636	-1.616405	145.380208	0.496067	0.009961	3.0
637	-1.596517	145.360167	0.496126	0.008323	2.7
638	-1.628773	145.338890	0.496190	0.029400	3.4
639	-1.618929	146.338890	0.493225	0.003062	2.7
640	-1.604988	147.338889	0.490295	0.002325	2.7
641	-1.626388	147.322617	0.490342	0.002957	2.8
642	-1.641733	147.305214	0.490393	0.001704	3.1
643	-1.587773	147.304129	0.490396	0.006516	3.0
644	-1.647293	147.300145	0.490408	0.002910	2.8
645	-1.619073	147.324576	0.490336	0.003316	2.8
646	-1.587540	147.339258	0.490294	0.008352	2.6
647	-1.627644	147.723952	0.489176	0.004976	2.8
648	-1.607842	147.702675	0.489238	0.002711	2.7
649	-1.651770	147.960275	0.488492	0.006483	2.8
650	-1.608066	147.948826	0.488525	0.005111	2.8
651	-1.612231	147.927595	0.488586	0.024142	2.7
652	-1.604702	148.927595	0.485711	0.007098	2.6
653	-1.691885	149.927595	0.482869	0.003389	2.5
654	-1.577336	150.803810	0.480407	0.008782	2.9
655	-1.617810	150.833690	0.480323	0.010078	2.7
656	-1.612798	150.813636	0.480379	0.004012	2.8
657	-1.619553	150.792362	0.480439	0.005712	2.7
658	-1.610651	150.771149	0.480498	0.024849	2.8
659	-1.650190	151.771149	0.477717	0.005033	3.1
660	-1.655163	152.771149	0.474968	0.004440	5.0
661	-1.613561	153.064085	0.474168	0.005543	4.4
662	-1.612793	153.042886	0.474226	0.005894	2.7
663	-1.657407	153.021710	0.474284	0.008900	2.8
664	-1.630080	153.000433	0.474342	0.014364	3.7
665	-1.655560	152.979156	0.474400	0.027334	2.7
666	-1.653813	153.979156	0.471689	0.006973	3.1
667	-1.623100	154.979156	0.469008	0.003737	4.1
668	-1.630921	154.957927	0.469065	0.006049	4.8
669	-1.638462	155.044477	0.468834	0.004650	3.2
670	-1.669083	155.023960	0.468889	0.027228	3.2
671	-1.646951	156.023960	0.466240	0.003195	3.0
672	-1.612457	157.023959	0.463621	0.003516	3.0
673	-1.695237	157.005227	0.463670	0.004295	4.2
674	-1.618520	157.015976	0.463642	0.004905	3.9
675	-1.670171	156.994843	0.463697	0.008787	2.9
676	-1.623911	157.693598	0.461884	0.006552	2.7
677	-1.621736	157.672321	0.461939	0.002779	3.4
678	-1.649514	157.651659	0.461992	0.006455	3.0
679	-1.602312	157.691670	0.461889	0.007939	3.0
680	-1.617200	158.690413	0.459322	0.023880	2.6
681	-1.638474	159.690413	0.456779	0.003990	2.8
682	-1.607538	160.684987	0.454279	0.002814	2.8
683	-1.656843	160.665809	0.454327	0.006797	3.4
684	-1.652729	161.007557	0.453474	0.005211	2.9
685	-1.654058	160.986290	0.453527	0.006039	2.8
686	-1.590298	160.965029	0.453580	0.005143	3.0
687	-1.642009	160.943775	0.453633	0.002473	2.8
688	-1.642145	160.923907	0.453682	0.032843	3.2
689	-1.622838	161.897099	0.451268	0.001067	2.9
690	-1.669973	161.889749	0.451287	0.004447	2.9
691	-1.653471	161.913059	0.451229	0.003013	3.0
692	-1.593363	161.896087	0.451271	0.003267	3.0
693	-1.636903	161.876923	0.451318	0.005014	5.0
694	-1.610173	161.902801	0.451254	0.005079	2.4
695	-1.608763	162.632375	0.449461	0.005652	2.4
696	-1.668772	162.611131	0.449513	0.003789	2.5
697	-1.639353	162.592322	0.449560	0.002118	2.4
698	-1.637686	162.574100	0.449604	0.007567	2.7
699	-1.621695	162.553286	0.449655	0.009883	2.6
700	-1.668361	162.532009	0.449707	0.028291	2.7
701	-1.638803	163.532009	0.447270	0.004598	3.6
702	-1.599716	164.532009	0.444859	0.006967	2.7
703	-1.657782	164.510745	0.444910	0.003441	2.5
704	-1.659944	164.489557	0.444961	0.010085	2.9
705	-1.661868	165.424899	0.442729	0.004874	2.6
706	-1.621403	165.403828	0.442779	0.007539	2.7
707	-1.662908	165.382552	0.442829	0.005445	2.4
708	-1.643920	165.363020	0.442876	0.008087	2.5
709	-1.613192	165.737506	0.441988	0.028897	2.5
710	-1.616016	166.737506	0.439633	0.007144	2.5
711	-1.642891	167.737506	0.437304	0.005378	2.5
712	-1.645187	167.717185	0.437351	0.008197	2.4
713	-1.645201	167.697315	0.437397	0.004913	2.5
714	-1.638407	168.669129	0.435156	0.004590	2.5
715	-1.676949	168.649430	0.435201	0.006369	2.5
716	-1.627795	168.628166	0.435250	0.002893	2.5
717	-1.621541	168.614474	0.435282	0.008172	2.5
718	-1.629110	168.600409	0.435314	0.030073	2.5
719	-1.628562	169.600409	0.433030	0.006389	2.7
720	-1.629804	170.600409	0.430770	0.004965	2.4
721	-1.581417	170.579144	0.430818	0.005678	2.3
722	-1.672504	170.557893	0.430865	0.007482	2.5
723	-1.620472	170.536616	0.430913	0.002877	2.5
724	-1.653134	170.515515	0.430961	0.032491	2.4
725	-1.620187	171.515515	0.428722	0.003623	2.4
726	-1.617704	172.515515	0.426507	0.006613	2.2
727	-1.614600	172.494632	0.426553	0.011463	2.4
728	-1.677482	172.473355	0.426600	0.005933	1.9
729	-1.651308	172.452078	0.426647	0.001272	1.9
730	-1.650257	172.445466	0.426661	0.002772	1.8
731	-1.679737	172.459308	0.426631	0.004749	2.2
732	-1.596733	172.512557	0.426513	0.010134	2.4
733	-1.644953	172.501529	0.426538	0.007745	2.1
734	-1.644746	172.480252	0.426584	0.031363	1.9
735	-1.635308	173.480252	0.424391	0.004319	1.7
736	-1.602364	174.480223	0.422220	0.001667	2.1
737	-1.626595	174.471051	0.422240	0.006534	2.0
738	-1.673952	174.452355	0.422280	0.006418	2.4
739	-1.623388	174.431256	0.422326	0.010828	2.4
740	-1.654501	174.409979	0.422372	0.005661	2.4
741	-1.662078	174.388702	0.422418	0.006295	2.5
742	-1.639293	175.108582	0.420867	0.005111	2.5
743	-1.653549	175.101732	0.420882	0.026116	3.1
744	-1.663612	176.101732	0.418747	0.006828	2.3
745	-1.664248	176.080455	0.418792	0.005102	2.4
746	-1.604142	177.062007	0.416716	0.007981	2.3
747	-1.646055	177.040731	0.416761	0.008123	2.5
748	-1.609578	178.040218	0.414668	0.003355	2.4
749	-1.652502	178.019166	0.414712	0.008175	2.9
750	-1.636775	178.001387	0.414749	0.002937	2.4
751	-1.625980	178.004731	0.414742	0.007847	2.5
752	-1.610445	177.987036	0.414779	0.003444	2.5
753	-1.639776	177.980813	0.414792	0.005676	2.5
754	-1.649779	177.960098	0.414835	0.031954	2.5
755	-1.595483	178.960098	0.412761	0.006833	2.5
756	-1.665205	179.960095	0.410707	0.005114	2.4
757	-1.675594	180.929800	0.408734	0.004698	2.5
758	-1.623486	180.922331	0.408750	0.004969	2.5
759	-1.614962	180.912176	0.408770	0.005487	2.6
760	-1.657477	180.892136	0.408811	0.004984	2.3
761	-1.649438	180.870942	0.408854	0.006750	2.6
762	-1.652687	180.850244	0.408896	0.007850	2.5
763	-1.638221	180.828967	0.408939	0.004144	2.6
764	-1.675744	180.902447	0.408790	0.004406	2.4
765	-1.633848	180.889595	0.408816	0.003307	2.4
766	-1.653172	180.869061	0.408857	0.005563	2.5
767	-1.682209	180.848374	0.408899	0.031388	3.0
768	-1.624367	181.848374	0.406884	0.002871	2.5
769	-1.625946	182.829632	0.404925	0.007608	2.5
770	-1.643511	182.839408	0.404905	0.003241	2.6
771	-1.608028	183.448796	0.403699	0.002757	2.5
772	-1.624880	183.470168	0.403656	0.008577	2.5
773	-1.599384	183.787819	0.403030	0.008121	2.6
774	-1.657355	183.766541	0.403072	0.004905	2.7
775	-1.634293	183.756340	0.403092	0.004429	3.2
776	-1.638258	183.735150	0.403134	0.009982	2.7
777	-1.611287	183.714448	0.403175	0.028891	2.5
778	-1.618845	184.714448	0.401215	0.006729	2.5
779	-1.630795	185.714448	0.399274	0.006441	3.0
780	-1.658838	185.866336	0.398981	0.004260	2.4
781	-1.627227	185.846076	0.399020	0.006689	2.4
782	-1.648854	185.824813	0.399061	0.002988	2.4
783	-1.623650	185.803709	0.399102	0.004591	2.4
784	-1.630175	185.783566	0.399140	0.007305	2.4
785	-1.642727	185.763919	0.399178	0.007755	2.9
786	-1.644649	185.742647	0.399219	0.029885	2.4
787	-1.680134	186.742647	0.397298	0.013305	2.4
788	-1.616068	187.742647	0.395394	0.013543	2.3
789	-1.645187	187.721369	0.395435	0.002882	2.3
790	-1.674719	187.700260	0.395475	0.011335	2.4
791	-1.639629	187.690211	0.395494	0.006946	2.6
792	-1.575175	187.668934	0.395534	0.021433	2.3
793	-1.653080	188.668934	0.393648	0.003412	2.4
794	-1.623213	189.408745	0.392264	0.003198	2.4
795	-1.633237	189.389859	0.392299	0.006640	2.5
796	-1.623294	189.626658	0.391858	0.003342	2.5
797	-1.563329	189.605764	0.391897	0.009750	2.4
798	-1.619615	189.587263	0.391931	0.002478	2.5
799	-1.622775	189.566325	0.391970	0.009947	2.4
800	-1.637133	190.427250	0.390374	0.020134	2.5
801	-1.680202	191.427250	0.388536	0.004909	2.5
802	-1.632198	192.423401	0.386723	0.004006	2.6
803	-1.579092	192.402264	0.386761	0.010557	2.4
804	-1.632444	193.366265	0.385022	0.008543	2.6
805	-1.630400	193.344988	0.385060	0.006459	2.3
806	-1.677054	193.323711	0.385098	0.026832	2.4
807	-1.657868	194.323711	0.383310	0.005581	2.3
808	-1.658621	194.302434	0.383348	0.005830	2.4
809	-1.641908	195.273410	0.381627	0.006358	2.3
810	-1.644823	195.252135	0.381664	0.001658	2.5
811	-1.673683	195.232404	0.381699	0.002115	2.4
812	-1.647296	195.252909	0.381663	0.000886	2.3
813	-1.618755	195.254372	0.381660	0.007295	2.6
814	-1.623076	195.243862	0.381679	0.004814	2.7
815	-1.634011	195.222596	0.381716	0.004443	2.6
816	-1.604540	195.201827	0.381753	0.008890	2.6
817	-1.626951	195.306206	0.381569	0.024277	2.5
818	-1.621278	196.306129	0.379813	0.007659	2.4
819	-1.604604	197.306129	0.378073	0.012824	2.5
820	-1.606282	198.306129	0.376349	0.007135	2.4
821	-1.653400	198.306150	0.376349	0.002314	2.5
822	-1.649462	198.285385	0.376385	0.004488	2.6
823	-1.624192	198.267170	0.376416	0.006857	2.5
824	-1.684769	198.245905	0.376453	0.001850	2.4
825	-1.604395	198.231943	0.376477	0.004745	2.3
826	-1.631000	198.224012	0.376490	0.024253	2.4
827	-1.667270	199.224012	0.374781	0.005128	2.6
828	-1.609112	199.939982	0.373566	0.002255	2.3
829	-1.653596	199.920053	0.373600	0.010093	2.4
830	-1.622115	200.180831	0.373159	0.004328	2.4
831	-1.608582	200.657647	0.372357	0.006099	2.4
832	-1.579573	200.636669	0.372392	0.005064	2.3
833	-1.627765	200.615460	0.372427	0.003811	2.4
834	-1.670861	200.594840	0.372462	0.026075	2.4
835	-1.609892	201.594840	0.370789	0.008501	2.5
836	-1.547595	202.594840	0.369131	0.006567	2.3
837	-1.647914	202.573563	0.369166	0.004402	2.4
838	-1.672998	202.552434	0.369201	0.004511	2.5
839	-1.625922	203.098754	0.368300	0.009174	2.4
840	-1.619701	204.081057	0.366693	0.023390	2.3
841	-1.649855	205.081057	0.365071	0.009397	2.4
842	-1.669573	206.081057	0.363464	0.001072	2.4
843	-1.612997	206.242859	0.363205	0.002493	2.4
844	-1.605939	206.245620	0.363200	0.006001	2.4
845	-1.679951	206.224895	0.363233	0.001950	2.4
846	-1.600041	206.207191	0.363262	0.011349	2.4
847	-1.645700	206.186230	0.363295	0.029831	2.5
848	-1.616289	207.186230	0.361703	0.005609	2.5
849	-1.620518	208.130460	0.360213	0.005097	2.5
850	-1.661887	208.109212	0.360246	0.002399	2.3
851	-1.673052	208.405550	0.359781	0.007069	2.3
852	-1.668096	208.384732	0.359813	0.005275	2.4
853	-1.666942	208.760343	0.359225	0.005402	2.4
854	-1.645236	208.739249	0.359258	0.007716	3.2
855	-1.657781	208.733350	0.359267	0.003258	3.5
856	-1.640826	208.712249	0.359300	0.013350	2.5
857	-1.621027	208.699131	0.359321	0.024763	2.4
858	-1.671067	209.699131	0.357763	0.005187	2.5
859	-1.635379	210.699129	0.356219	0.005184	2.4
860	-1.614864	210.692515	0.356229	0.006552	2.7
861	-1.630964	210.671261	0.356262	0.003297	2.6
862	-1.621707	210.650709	0.356294	0.006475	2.4
863	-1.639111	210.640501	0.356309	0.006407	2.4
864	-1.595257	210.619225	0.356342	0.026318	2.5
865	-1.616515	211.619225	0.354810	0.011946	2.4
866	-1.655808	212.619225	0.353291	0.002693	2.7
867	-1.650888	212.598041	0.353323	0.001829	2.4
868	-1.623995	212.614381	0.353299	0.002885	2.5
869	-1.606847	212.599656	0.353321	0.008077	2.4
870	-1.627029	212.580002	0.353351	0.004741	2.5
871	-1.614776	212.558773	0.353383	0.026540	2.5
872	-1.665860	213.558773	0.351876	0.005991	2.4
873	-1.629629	213.537495	0.351908	0.003722	2.3
874	-1.695255	213.563936	0.351869	0.002637	2.3
875	-1.650122	213.601359	0.351812	0.002786	2.3
876	-1.635024	213.591524	0.351827	0.008464	2.4
877	-1.641086	214.013647	0.351195	0.002420	2.3
878	-1.632026	213.993836	0.351225	0.008946	2.4
879	-1.633178	213.972894	0.351256	0.000591	2.4
880	-1.576384	213.989753	0.351231	0.005833	2.5
881	-1.636159	214.009076	0.351202	0.002372	2.4
882	-1.655186	213.992567	0.351227	0.011739	2.4
883	-1.617059	213.973356	0.351255	0.008033	2.5
884	-1.634440	213.952079	0.351287	0.003963	2.5
885	-1.615208	213.930990	0.351319	0.003283	2.3
886	-1.620189	213.911663	0.351348	0.034504	2.5
887	-1.608494	214.911663	0.349858	0.003916	2.4
888	-1.628371	214.890386	0.349890	0.008833	2.6
889	-1.623570	214.870955	0.349919	0.009024	2.4
890	-1.660453	214.849678	0.349950	0.001306	2.3
891	-1.564758	214.830338	0.349979	0.008018	2.4
892	-1.623746	214.812091	0.350006	0.002114	2.5
893	-1.638584	214.791641	0.350036	0.002666	2.4
894	-1.600454	214.775822	0.350060	0.004559	2.3
895	-1.644749	214.756642	0.350088	0.008620	2.8
896	-1.629736	214.996681	0.349732	0.026952	3.2
897	-1.625757	215.996681	0.348257	0.012998	2.7
898	-1.647068	216.996681	0.346793	0.002313	2.5
899	-1.623992	216.975769	0.346824	0.007552	2.5
900	-1.661288	217.012461	0.346770	0.007336	2.5
901	-1.640309	218.012337	0.345320	0.003822	2.4
902	-1.623301	218.864772	0.344093	0.006718	2.8
903	-1.649236	219.094157	0.343764	0.006916	2.7
904	-1.593764	219.072882	0.343794	0.027982	2.5
905	-1.674078	220.072882	0.342368	0.003543	2.5
906	-1.601722	221.072882	0.340954	0.007896	2.5
907	-1.633261	221.056877	0.340976	0.002699	2.5
908	-1.647744	221.035770	0.341006	0.001911	2.8
909	-1.673392	221.062264	0.340969	0.005443	2.5
910	-1.625846	221.220725	0.340746	0.006539	2.7
911	-1.621453	222.127313	0.339475	0.003889	2.5
912	-1.661091	222.106280	0.339504	0.007457	2.6
913	-1.614303	222.085028	0.339534	0.010094	2.5
914	-1.642272	223.085000	0.338143	0.001719	2.4
915	-1.623723	223.215285	0.337963	0.006766	2.4
916	-1.618142	223.200844	0.337983	0.026199	2.5
917	-1.626161	224.200844	0.336604	0.005825	2.6
918	-1.626240	225.200844	0.335237	0.006229	2.5
919	-1.636439	225.179571	0.335266	0.003831	2.3
920	-1.649380	225.217985	0.335214	0.005502	2.6
921	-1.640374	225.554447	0.334756	0.003466	2.5
922	-1.654146	225.533514	0.334785	0.006956	2.3
923	-1.631364	226.155671	0.333942	0.009888	2.5
924	-1.652416	226.134393	0.333971	0.005945	2.3
925	-1.571329	227.134328	0.332625	0.005367	2.7
926	-1.646003	228.038704	0.331417	0.006291	2.4
927	-1.659528	228.583205	0.330694	0.004605	2.5
928	-1.674005	228.561953	0.330722	0.011018	2.3
929	-1.676090	228.540676	0.330750	0.026064	2.3
930	-1.641748	229.540676	0.329430	0.001948	2.4
931	-1.632391	229.519744	0.329458	0.013989	2.3
932	-1.617641	229.498982	0.329485	0.002618	2.4
933	-1.632733	230.320015	0.328409	0.004103	3.9
934	-1.570146	230.300157	0.328435	0.009793	5.8
935	-1.657514	230.279339	0.328462	0.004913	2.3
936	-1.625523	230.465218	0.328219	0.003047	2.3
937	-1.604088	230.446659	0.328243	0.006708	2.7
938	-1.644805	230.530871	0.328133	0.029948	2.8
939	-1.586341	231.530871	0.326834	0.003217	2.4
940	-1.635483	232.530871	0.325545	0.002805	2.4
941	-1.630573	232.511878	0.325569	0.005617	2.3
942	-1.616515	232.491139	0.325596	0.002529	2.4
943	-1.674910	232.499071	0.325586	0.003626	2.4
944	-1.629602	232.554099	0.325515	0.011654	3.1
945	-1.632094	232.560401	0.325507	0.004802	2.3
946	-1.599131	232.539124	0.325534	0.012775	2.4
947	-1.693822	232.517846	0.325562	0.027633	2.4
948	-1.617676	233.517846	0.324282	0.010480	2.5
949	-1.614584	234.517845	0.323013	0.014873	2.3
950	-1.650035	234.496568	0.323040	0.002522	2.5
951	-1.656738	234.475356	0.323067	0.002938	2.4
952	-1.623399	234.486877	0.323053	0.009653	2.4
953	-1.603143	234.465622	0.323079	0.007298	2.4
954	-1.646059	234.444345	0.323106	0.005765	2.3
955	-1.642560	234.423093	0.323133	0.004651	2.6
956	-1.615002	234.625445	0.322877	0.003281	2.6
957	-1.636301	234.876312	0.322561	0.001762	2.4
958	-1.597160	234.934208	0.322488	0.010966	2.4
959	-1.639724	234.913656	0.322514	0.034328	2.4
960	-1.664033	235.913656	0.321258	0.004388	2.3
961	-1.639133	236.913656	0.320013	0.005327	2.4
962	-1.598824	236.892532	0.320039	0.005802	2.8
963	-1.576197	236.872466	0.320064	0.002737	2.4
964	-1.587295	236.853318	0.320088	0.004924	2.4
965	-1.618915	236.849762	0.320092	0.003007	2.4
966	-1.680481	236.829229	0.320118	0.006505	2.4
967	-1.641289	236.820286	0.320129	0.006387	2.3
968	-1.683920	237.789053	0.318930	0.002621	2.3
969	-1.573525	237.798101	0.318919	0.004955	2.5
970	-1.624328	237.781226	0.318940	0.004694	2.5
971	-1.630359	237.767318	0.318957	0.004329	2.3
972	-1.624802	237.746431	0.318983	0.030421	2.3
973	-1.604382	238.746431	0.317755	0.007190	3.0
974	-1.606791	239.746431	0.316536	0.008793	2.8
975	-1.622573	239.725154	0.316562	0.004796	2.8
976	-1.657194	239.740996	0.316543	0.007323	2.4
977	-1.592711	239.719723	0.316569	0.004958	2.5
978	-1.633358	239.698557	0.316594	0.006777	2.3
979	-1.622075	239.677284	0.316620	0.024110	2.4
980	-1.633831	240.677284	0.315410	0.005798	2.5
981	-1.640584	240.662187	0.315428	0.005201	3.0
982	-1.608459	240.775871	0.315291	0.004169	2.5
983	-1.641026	241.504463	0.314416	0.006694	2.4
984	-1.681074	241.489817	0.314434	0.004346	2.3
985	-1.593953	241.468561	0.314459	0.010432	2.4
986	-1.647143	241.447285	0.314485	0.001766	2.5
987	-1.638602	241.609179	0.314291	0.002755	2.6
988	-1.626990	241.603677	0.314297	0.004692	2.4
989	-1.626360	241.665783	0.314223	0.006322	2.5
990	-1.655834	241.662059	0.314228	0.001428	2.4
991	-1.627708	241.729236	0.314147	0.006343	2.4
992	-1.662651	241.710905	0.314169	0.000802	2.4
993	-1.677868	241.700295	0.314182	0.008210	2.5
994	-1.630010	241.688452	0.314196	0.026806	1.9
995	-1.650502	242.688452	0.313005	0.004214	1.9
996	-1.617331	243.688451	0.311822	0.008832	2.8
997	-1.678659	243.667176	0.311847	0.001755	2.1
998	-1.615335	243.919448	0.311550	0.001552	1.8
999	-1.639787	243.926782	0.311541	0.007830	1.8
