1:ItNr	2:Metric	3a:Time	3b:StepSize	4:||Gradient||	Time[ms]
0	-0.853783	0.000000	6.912289	0.044958	477.0
1	-0.799838	0.000000	6.912289	0.052063	2.5
2	-0.796282	0.000000	6.912289	0.045693	2.4
3	-0.860925	0.000000	6.912289	0.040438	2.4
4	-0.862289	0.000000	6.912289	0.045899	3.3
5	-0.885137	0.000000	6.912289	0.046387	2.5
6	-0.874966	0.000000	6.912289	0.019285	2.3
7	-0.890175	0.000000	6.912289	0.023313	2.4
8	-0.875714	0.000000	6.912289	0.009547	2.5
9	-0.945954	0.999925	6.598117	0.010331	2.4
10	-0.896469	0.936387	6.617228	0.012178	2.4
11	-0.926817	1.936383	6.328726	0.008368	2.5
12	-0.937254	1.872845	6.346306	0.012538	2.5
13	-0.969661	1.811538	6.363362	0.009973	2.5
14	-0.929167	1.747999	6.381136	0.005277	2.5
15	-0.905091	1.684461	6.399009	0.006854	2.4
16	-0.936858	1.817198	6.361784	0.008924	2.5
17	-0.925364	1.758510	6.378189	0.010299	2.4
18	-0.901774	2.020284	6.305660	0.010946	2.8
19	-0.948317	3.020224	6.043161	0.009257	2.4
20	-0.916057	3.238904	5.988640	0.004823	2.4
21	-0.888843	3.175906	6.004246	0.007590	2.4
22	-0.927262	3.119908	6.018185	0.008460	2.4
23	-0.899317	3.144372	6.012088	0.007645	2.4
24	-0.871259	4.136895	5.774702	0.007437	2.5
25	-0.938062	5.135044	5.554155	0.006095	2.5
26	-0.915916	5.119100	5.557545	0.008197	2.4
27	-0.886358	5.055628	5.571083	0.004080	1.8
28	-0.854275	4.992703	5.584570	0.009994	1.9
29	-0.938384	4.929914	5.598093	0.013471	2.0
30	-0.947921	4.876368	5.609677	0.008459	2.1
31	-0.938059	4.812830	5.623486	0.011170	1.6
32	-0.859497	5.810210	5.414284	0.009992	1.8
33	-0.928523	6.126240	5.351205	0.009832	1.9
34	-0.883347	6.898795	5.203023	0.016235	2.0
35	-0.862262	7.898795	5.022980	0.009872	1.7
36	-0.887692	8.898795	4.854981	0.006826	2.0
37	-0.979450	8.836176	4.865170	0.013173	2.1
38	-0.861640	9.836142	4.707401	0.008700	1.8
39	-0.886102	9.776681	4.716496	0.017718	1.7
40	-0.904984	9.713142	4.726253	0.015672	1.7
41	-0.859717	10.713142	4.577222	0.015297	10.6
42	-0.931599	11.713142	4.437302	0.003232	1.9
43	-0.837521	12.712970	4.305704	0.016178	2.0
44	-0.866391	12.649435	4.313834	0.014502	2.3
45	-0.818695	13.649435	4.189335	0.010538	1.9
46	-0.909456	13.585917	4.197028	0.008731	1.6
47	-0.905313	13.522378	4.204753	0.019471	2.2
48	-0.859836	14.522378	4.086384	0.006543	2.2
49	-0.864801	15.438485	3.983647	0.016982	2.6
50	-0.930541	15.375174	3.990581	0.002438	2.0
51	-0.858355	16.125620	3.909917	0.009833	1.8
52	-0.962869	16.879240	3.832127	0.011948	2.2
53	-0.957075	17.879240	3.733563	0.013195	2.1
54	-0.957292	17.815702	3.739674	0.015063	2.3
55	-0.915171	18.815702	3.645750	0.004098	2.1
56	-0.811223	19.770581	3.560363	0.010669	1.9
57	-0.845230	19.741529	3.562902	0.010443	1.6
58	-0.884609	19.677991	3.568467	0.006286	2.0
59	-0.958388	19.614452	3.574050	0.005862	2.1
60	-0.914731	20.512517	3.496730	0.004794	2.3
61	-0.860003	21.471527	3.417774	0.001361	1.8
62	-0.976687	21.560248	3.410649	0.004829	1.9
63	-0.926907	21.658795	3.402770	0.007426	2.3
64	-0.907832	21.595430	3.407832	0.002969	1.9
65	-0.850461	21.715058	3.398288	0.008019	2.0
66	-0.862241	21.735995	3.396623	0.010184	1.9
67	-0.901092	22.382462	3.346008	0.002792	2.0
68	-0.871864	22.411818	3.343746	0.011004	2.0
69	-0.924767	22.349283	3.348569	0.006020	2.2
70	-0.955353	22.285751	3.353484	0.004977	1.9
71	-0.945742	23.231150	3.281807	0.005639	1.9
72	-0.910571	23.170913	3.286282	0.003585	1.8
73	-0.957270	23.112382	3.290642	0.005650	1.8
74	-0.880380	23.051869	3.295163	0.009289	1.7
75	-0.928425	23.444032	3.266087	0.009462	2.2
76	-0.908147	24.418258	3.196029	0.010008	1.9
77	-0.898843	24.354719	3.200507	0.006321	1.9
78	-0.939446	24.314616	3.203339	0.013027	2.5
79	-0.948454	24.251158	3.207831	0.008399	2.4
80	-0.917041	25.251157	3.138474	0.010802	2.6
81	-0.890860	25.238890	3.139307	0.029324	2.4
82	-0.878566	26.238890	3.072851	0.011756	2.4
83	-0.925038	26.175355	3.076990	0.009475	2.5
84	-0.870264	26.111816	3.081139	0.004632	2.5
85	-0.911484	26.048391	3.085293	0.014005	2.5
86	-0.938852	25.997533	3.088632	0.005194	2.9
87	-0.913568	26.996071	3.024374	0.008466	2.8
88	-0.936955	26.932541	3.028383	0.006725	2.4
89	-0.905004	26.871480	3.032245	0.006744	2.5
90	-0.909222	27.635991	2.984581	0.003421	3.8
91	-0.809251	27.600167	2.986781	0.018222	2.3
92	-0.896618	28.572662	2.928188	0.005598	2.5
93	-0.866882	29.572636	2.870289	0.008541	2.4
94	-0.968724	29.509103	2.873899	0.019593	2.4
95	-0.860462	29.445565	2.877519	0.011367	2.5
96	-0.971064	30.445565	2.821586	0.013013	2.5
97	-0.924831	30.382040	2.825074	0.010500	2.5
98	-0.922231	30.318501	2.828572	0.013641	2.5
99	-0.891634	31.314979	2.774694	0.015515	2.5
100	-0.888990	32.314979	2.722651	0.008935	2.5
101	-0.913463	32.251441	2.725900	0.006758	2.4
102	-0.898328	32.187909	2.729156	0.010171	2.4
103	-0.891942	32.124374	2.732420	0.010462	2.3
104	-0.948329	32.060835	2.735692	0.008940	2.3
105	-0.917627	32.557687	2.710313	0.012471	2.4
106	-0.958127	32.864529	2.694873	0.008477	2.3
107	-0.984624	32.800991	2.698056	0.005470	2.5
108	-0.886762	32.738852	2.701176	0.009377	2.5
109	-0.893200	33.397379	2.668476	0.009938	2.4
110	-0.971894	33.456978	2.665555	0.007660	2.5
111	-0.920107	33.393455	2.668668	0.010616	2.6
112	-0.971589	33.497849	2.663556	0.007102	2.4
113	-0.879793	33.434311	2.666665	0.009759	2.4
114	-0.936547	33.370772	2.669781	0.009883	2.5
115	-0.892503	33.307328	2.672900	0.012910	2.5
116	-0.873993	33.243789	2.676031	0.011860	3.4
117	-0.902454	33.180251	2.679170	0.011765	2.4
118	-0.919848	33.116712	2.682315	0.014280	2.4
119	-0.934121	33.053174	2.685468	0.015714	2.2
120	-0.945243	32.989635	2.688629	0.016000	2.3
121	-0.949781	32.926096	2.691796	0.008339	2.2
122	-0.957960	32.862558	2.694972	0.010741	1.9
123	-0.931097	32.799019	2.698155	0.012559	2.1
124	-0.892268	32.736255	2.701306	0.013475	2.1
125	-0.898489	32.672717	2.704504	0.018541	2.0
126	-0.931423	32.609297	2.707703	0.012049	2.4
127	-0.899789	32.545759	2.710916	0.011142	2.9
128	-0.917237	32.482220	2.714137	0.012772	2.8
129	-0.969806	32.418682	2.717365	0.016657	2.0
130	-0.896562	32.355143	2.720601	0.011571	1.7
131	-0.953368	32.291605	2.723845	0.012620	1.6
132	-0.945922	32.228066	2.727097	0.020557	1.9
133	-0.873462	32.164528	2.730356	0.021547	2.1
134	-1.030881	32.100989	2.733623	0.016051	1.8
135	-0.939671	32.037451	2.736898	0.022573	2.6
136	-0.930881	31.974078	2.740172	0.019011	1.8
137	-0.955493	32.974055	2.689405	0.023192	2.1
138	-0.929676	32.910517	2.692574	0.013983	2.1
139	-0.961184	32.846978	2.695752	0.010189	2.1
140	-0.932836	32.783439	2.698936	0.016014	2.1
141	-0.886559	32.719901	2.702129	0.016364	1.9
142	-0.890881	32.656362	2.705328	0.015755	2.1
143	-0.938086	32.592824	2.708536	0.014965	1.8
144	-0.925763	32.529285	2.711751	0.025188	1.6
145	-0.917339	32.465747	2.714973	0.017082	1.9
146	-0.935057	32.402208	2.718204	0.020792	2.2
147	-0.971670	32.338670	2.721442	0.019554	1.8
148	-0.958287	32.275131	2.724687	0.021349	2.0
149	-0.944044	32.211593	2.727941	0.017900	1.6
150	-0.969460	32.148054	2.731202	0.018087	2.0
151	-0.877177	32.084516	2.734471	0.019068	1.9
152	-0.911172	32.020977	2.737748	0.017125	2.0
153	-0.958997	31.957439	2.741033	0.021444	1.9
154	-0.934429	31.893900	2.744325	0.025247	1.8
155	-0.959439	31.830362	2.747626	0.019814	2.0
156	-0.945265	31.766823	2.750935	0.022500	3.2
157	-0.943741	31.703285	2.754251	0.026747	2.0
158	-0.935560	31.639746	2.757576	0.013665	2.0
159	-0.944433	31.576207	2.760908	0.019571	2.0
160	-0.934050	31.512669	2.764249	0.026263	2.1
161	-0.956179	31.449130	2.767597	0.024761	2.0
162	-0.904985	31.385592	2.770954	0.020954	2.0
163	-0.929988	31.322053	2.774319	0.026534	2.1
164	-0.941978	31.258515	2.777692	0.024315	2.3
165	-0.997159	31.194976	2.781074	0.034252	2.4
166	-0.921139	31.131438	2.784463	0.027369	2.1
167	-0.993076	31.067899	2.787861	0.023720	2.1
168	-0.982532	31.004361	2.791267	0.024487	2.2
169	-0.984968	30.940822	2.794682	0.028392	2.1
170	-1.014987	30.877284	2.798105	0.027854	2.1
171	-0.973050	30.813745	2.801536	0.024187	2.7
172	-0.957891	30.750207	2.804976	0.019805	2.5
173	-1.013066	30.686668	2.808424	0.018683	2.8
174	-1.007655	30.623130	2.811881	0.024461	3.8
175	-1.003218	30.559591	2.815346	0.022397	2.6
176	-0.963307	30.496052	2.818819	0.017195	2.8
177	-1.041038	30.432514	2.822302	0.023047	2.9
178	-0.974156	30.368975	2.825793	0.021699	2.5
179	-0.979135	30.305437	2.829292	0.027254	10.4
180	-0.960964	30.241898	2.832801	0.017350	2.5
181	-0.941824	30.178360	2.836317	0.014476	2.4
182	-1.005020	30.114821	2.839843	0.018899	2.5
183	-0.996059	30.051283	2.843378	0.024113	2.5
184	-0.929440	29.987744	2.846921	0.019817	2.7
185	-0.984138	29.924206	2.850473	0.019508	2.6
186	-1.028949	29.860667	2.854034	0.014977	2.5
187	-0.941058	29.797129	2.857604	0.011805	2.5
188	-0.959366	29.733590	2.861183	0.016034	2.3
189	-1.005481	29.670052	2.864771	0.019226	2.5
190	-1.027085	29.606513	2.868367	0.007110	2.5
191	-0.944505	29.542975	2.871973	0.013466	2.2
192	-0.948414	29.479436	2.875588	0.009183	2.5
193	-0.950952	29.415898	2.879212	0.016978	2.5
194	-0.969914	30.415344	2.823244	0.013128	2.4
195	-1.005771	31.415344	2.769381	0.010398	2.5
196	-0.918378	31.351806	2.772742	0.003718	2.4
197	-1.042831	31.289770	2.776032	0.011829	2.4
198	-0.897399	31.240366	2.778657	0.018362	2.4
199	-0.950652	31.176827	2.782041	0.006548	2.7
200	-1.014767	32.165714	2.730295	0.016023	2.4
201	-0.928840	32.118371	2.732728	0.009218	2.4
202	-0.988224	33.118371	2.682233	0.011850	2.4
203	-0.989733	33.054832	2.685386	0.009980	2.4
204	-0.927941	34.054832	2.636609	0.011928	2.5
205	-0.998976	35.054832	2.589573	0.011470	2.4
206	-0.984114	35.079343	2.588441	0.010198	2.4
207	-0.993057	36.079229	2.543098	0.005127	2.3
208	-0.935095	36.189128	2.538211	0.004866	2.4
209	-0.949432	36.127293	2.540958	0.008413	2.5
210	-0.956234	36.956764	2.504592	0.014199	2.5
211	-1.003263	36.893226	2.507341	0.009018	2.4
212	-0.950359	36.835706	2.509835	0.016829	1.9
213	-0.966119	37.835706	2.467177	0.015022	1.8
214	-0.953095	38.835706	2.425944	0.009795	1.8
215	-0.964969	39.835706	2.386067	0.005060	1.6
216	-0.954921	39.772173	2.388562	0.007273	2.0
217	-0.927358	39.811849	2.387003	0.008515	2.1
218	-0.916206	39.748312	2.389500	0.012534	2.7
219	-1.002098	40.748311	2.350802	0.009860	2.0
220	-0.978671	40.684773	2.353224	0.003495	2.0
221	-0.934116	41.658076	2.316670	0.011645	1.8
222	-0.917232	41.594602	2.319019	0.006050	2.0
223	-0.953987	42.051804	2.302203	0.002273	1.8
224	-0.941635	42.049083	2.302303	0.014952	2.0
225	-0.895346	42.778986	2.275955	0.011000	1.9
226	-0.919920	43.778983	2.240821	0.011322	2.0
227	-0.970924	43.715447	2.243021	0.012615	2.1
228	-0.879704	44.605075	2.212604	0.014966	2.1
229	-0.918402	45.605075	2.179385	0.015860	2.0
230	-0.954100	46.605075	2.147148	0.015379	2.0
231	-0.950648	47.605075	2.115850	0.011439	2.2
232	-0.982628	47.574994	2.116779	0.008885	2.1
233	-0.965268	47.511455	2.118742	0.004911	2.1
234	-1.021051	48.509939	2.088307	0.007839	2.1
235	-0.949391	48.446410	2.090217	0.014388	1.8
236	-0.969061	48.382872	2.092131	0.002853	1.9
237	-1.038970	49.285766	2.065256	0.007315	1.9
238	-0.967599	49.257918	2.066074	0.012362	1.9
239	-0.973048	49.194380	2.067944	0.010938	2.0
240	-0.944546	50.194380	2.038898	0.009346	1.9
241	-0.940217	50.158106	2.039937	0.002273	1.9
242	-1.003604	50.098847	2.041638	0.005192	1.8
243	-1.004240	50.044846	2.043189	0.002339	2.2
244	-0.917875	50.013654	2.044087	0.009610	2.2
245	-0.921700	49.964235	2.045510	0.008932	1.8
246	-0.917077	49.900696	2.047343	0.007873	1.9
247	-1.000682	49.837159	2.049180	0.008044	1.9
248	-0.938116	49.777125	2.050918	0.004227	1.8
249	-0.936590	49.713667	2.052758	0.007514	1.8
250	-0.934213	49.652416	2.054538	0.009163	1.8
251	-0.961443	50.652350	2.025866	0.003016	1.6
252	-0.946485	50.603259	2.027255	0.013127	1.8
253	-0.964638	50.539864	2.029052	0.003834	1.9
254	-0.956004	51.535213	2.001208	0.005549	1.8
255	-0.922287	51.598956	1.999451	0.005943	1.9
256	-0.988712	51.820524	1.993368	0.010335	1.9
257	-0.937407	52.346772	1.979066	0.006056	1.7
258	-0.976450	53.346690	1.952448	0.008355	1.9
259	-0.958638	53.283155	1.954118	0.007685	2.3
260	-0.951274	53.219627	1.955791	0.010464	2.3
261	-0.984811	53.156168	1.957465	0.011036	2.6
262	-0.990960	54.156168	1.931419	0.017307	2.2
263	-0.979185	54.092629	1.933054	0.007340	2.9
264	-0.984361	54.029160	1.934689	0.006322	2.7
265	-0.950079	53.965631	1.936328	0.013870	1.8
266	-0.976017	54.965334	1.910846	0.008881	1.8
267	-1.031373	55.214507	1.904599	0.003579	2.0
268	-0.993077	55.151312	1.906180	0.003444	1.9
269	-0.969337	55.099583	1.907475	0.005162	2.4
270	-0.947034	55.050816	1.908698	0.014932	2.5
271	-0.905660	56.050808	1.883927	0.012439	2.4
272	-0.970412	57.050808	1.859790	0.015542	2.3
273	-0.995292	56.987269	1.861305	0.010546	2.4
274	-0.987688	56.923731	1.862822	0.001437	2.3
275	-0.988626	56.869946	1.864109	0.015898	2.3
276	-0.984494	56.807441	1.865607	0.017097	2.5
277	-0.908564	57.807441	1.841934	0.006814	2.3
278	-0.961909	57.743902	1.843420	0.012776	2.6
279	-0.986311	57.680364	1.844909	0.007333	2.4
280	-0.911071	57.637139	1.845923	0.008941	2.3
281	-0.955452	57.577485	1.847324	0.003381	2.6
282	-0.994645	57.514095	1.848815	0.009516	2.4
283	-0.958919	58.458273	1.826847	0.003621	2.4
284	-0.916698	58.402408	1.828132	0.005414	2.3
285	-0.954976	58.548320	1.824779	0.006625	2.3
286	-1.023933	58.496092	1.825978	0.009757	2.4
287	-0.988412	59.415012	1.805112	0.005041	2.5
288	-0.945758	60.414825	1.782944	0.009412	2.4
289	-1.049193	60.351288	1.784337	0.009129	2.5
290	-0.970192	60.287921	1.785728	0.010418	2.5
291	-1.037236	61.287919	1.764027	0.004153	2.5
292	-0.977118	61.224384	1.765390	0.006344	2.5
293	-0.937575	61.285067	1.764088	0.013137	2.5
294	-0.935080	62.285067	1.742906	0.006273	2.4
295	-0.916545	63.267532	1.722586	0.009086	2.5
296	-0.927473	64.266281	1.702409	0.008302	2.3
297	-0.938360	65.193955	1.684087	0.011315	2.5
298	-0.969987	65.130416	1.685329	0.004190	2.4
299	-0.971710	66.118704	1.666210	0.003612	2.3
300	-0.978716	66.061380	1.667307	0.014075	2.5
301	-0.923818	66.009714	1.668297	0.016375	2.4
302	-0.956857	67.009714	1.649342	0.008287	2.5
303	-1.000732	68.009714	1.630812	0.013354	3.1
304	-0.963367	67.946176	1.631977	0.008587	2.8
305	-0.996071	68.946176	1.613833	0.011645	2.5
306	-0.949379	69.946176	1.596088	0.006719	2.5
307	-0.962430	69.882637	1.597204	0.013117	2.8
308	-0.957723	70.882637	1.579821	0.013155	2.5
309	-0.995369	70.819099	1.580914	0.008813	2.3
310	-0.910906	71.818865	1.563885	0.009474	2.3
311	-1.030671	72.818855	1.547216	0.002851	2.0
312	-0.924491	73.768120	1.531718	0.005290	2.0
313	-0.956754	73.721992	1.532464	0.006888	1.8
314	-1.016062	74.694960	1.516883	0.006155	1.7
315	-0.941013	74.939647	1.513014	0.007154	1.8
316	-0.983809	75.933615	1.497500	0.005862	1.9
317	-0.991412	75.870213	1.498480	0.007868	1.9
318	-0.959579	76.866563	1.483224	0.009675	2.0
319	-0.950164	76.897749	1.482752	0.008280	2.1
320	-1.003033	77.897749	1.467759	0.006605	1.8
321	-0.992069	78.893550	1.453128	0.009903	2.2
322	-0.872724	78.833392	1.454003	0.005848	1.9
323	-1.001662	78.769854	1.454929	0.010445	1.8
324	-0.989165	79.769842	1.440491	0.004703	1.9
325	-0.915633	80.765855	1.426393	0.006154	1.9
326	-0.964322	80.919247	1.424246	0.005446	2.1
327	-0.941171	80.863403	1.425027	0.003695	2.0
328	-0.988918	81.572348	1.415177	0.005217	1.8
329	-0.871019	81.758912	1.412608	0.002567	1.8
330	-0.960656	81.701666	1.413396	0.009083	1.9
331	-0.990140	82.569304	1.401555	0.008412	1.6
332	-0.930635	82.505781	1.402415	0.006125	2.0
333	-0.967310	83.452498	1.389704	0.003979	2.0
334	-0.971627	83.389844	1.390538	0.006547	1.7
335	-0.959992	83.327251	1.391373	0.010492	1.9
336	-0.855013	83.263712	1.392220	0.009996	1.6
337	-0.957824	83.200522	1.393065	0.004688	1.8
338	-0.978198	83.137426	1.393909	0.002607	1.9
339	-1.013934	83.079479	1.394685	0.011787	1.9
340	-0.931989	84.025303	1.382125	0.014299	1.6
341	-0.958766	85.025303	1.369089	0.002747	1.9
342	-0.969748	86.002426	1.356587	0.010571	2.5
343	-0.885445	85.939117	1.357390	0.006708	1.8
344	-0.991890	85.875578	1.358197	0.011213	1.9
345	-0.972037	85.812286	1.359002	0.004127	2.0
346	-1.006056	85.748749	1.359811	0.003840	1.7
347	-0.989389	85.900036	1.357886	0.004485	1.9
348	-0.969656	86.620032	1.348802	0.007608	1.8
349	-1.006852	87.598572	1.336648	0.006573	1.6
350	-0.970120	87.536033	1.337418	0.007212	1.9
351	-0.993615	88.501172	1.325630	0.010003	2.3
352	-1.008365	88.892156	1.320914	0.006093	2.8
353	-0.940333	89.067982	1.318804	0.016339	2.7
354	-1.000750	90.067729	1.306933	0.002960	1.7
355	-0.912798	90.004479	1.307678	0.009293	2.1
356	-0.947515	90.660692	1.299993	0.005188	2.0
357	-0.995383	90.597159	1.300733	0.006781	2.0
358	-0.975372	90.536603	1.301439	0.003016	1.8
359	-0.993192	90.481505	1.302082	0.004277	2.0
360	-0.924947	90.435137	1.302624	0.011410	2.6
361	-0.973289	90.371710	1.303366	0.003922	1.9
362	-1.026235	90.590525	1.300810	0.011612	2.0
363	-0.943594	90.692422	1.299623	0.007269	1.9
364	-0.954749	91.066540	1.295285	0.007914	1.9
365	-0.974575	91.003002	1.296020	0.005168	1.8
366	-0.989884	90.940750	1.296740	0.005792	2.4
367	-0.872386	90.878424	1.297463	0.011082	2.7
368	-0.973785	90.814886	1.298200	0.005004	2.6
369	-0.971964	90.751606	1.298935	0.001241	2.4
370	-0.877894	90.704748	1.299480	0.007722	2.3
371	-1.010835	91.027946	1.295731	0.014630	2.3
372	-0.953616	92.010919	1.284461	0.012717	2.4
373	-0.908290	93.010919	1.273195	0.007790	2.4
374	-1.011162	93.336999	1.269563	0.010802	2.4
375	-0.908920	94.336938	1.258557	0.008539	2.4
376	-1.089017	94.273399	1.259250	0.014195	2.3
377	-0.923909	94.209861	1.259945	0.002621	2.4
378	-0.974454	94.148782	1.260613	0.008305	2.4
379	-0.929000	94.087641	1.261283	0.004689	2.5
380	-0.914325	95.078961	1.250511	0.007888	2.6
381	-0.877468	96.054607	1.240089	0.015192	2.3
382	-0.965078	95.991068	1.240762	0.009459	2.4
383	-0.990627	95.927530	1.241436	0.006516	2.4
384	-0.939807	95.864025	1.242111	0.002143	2.5
385	-0.980422	95.839850	1.242368	0.005775	2.3
386	-0.980929	95.900790	1.241720	0.007894	2.5
387	-0.920313	96.900337	1.231193	0.015038	2.3
388	-0.968647	96.836799	1.231857	0.003579	2.4
389	-0.941109	96.774061	1.232513	0.007353	2.2
390	-0.949463	97.738617	1.222501	0.008201	2.5
391	-0.930048	98.342100	1.216319	0.005977	2.4
392	-0.997750	99.259609	1.207039	0.002849	2.4
393	-0.981314	99.197461	1.207663	0.011037	2.6
394	-1.053372	99.282848	1.206806	0.005911	2.9
395	-0.913129	99.219309	1.207444	0.005705	2.7
396	-0.883388	100.202014	1.197654	0.005201	2.5
397	-0.919224	101.184316	1.188025	0.005675	2.3
398	-0.936196	101.127543	1.188578	0.011307	2.5
399	-1.002811	102.126788	1.178932	0.010111	2.8
400	-0.919411	103.126788	1.169434	0.015137	2.4
401	-0.948658	104.126788	1.160088	0.015080	2.9
402	-0.915084	105.126788	1.150890	0.009481	2.3
403	-0.969629	106.126788	1.141837	0.012863	2.4
404	-0.949283	107.126788	1.132925	0.011179	2.3
405	-0.984701	107.063250	1.133487	0.005640	2.5
406	-0.935448	107.474708	1.129857	0.011972	2.3
407	-0.958105	108.474706	1.121131	0.007434	2.4
408	-0.996256	109.474706	1.112538	0.010593	2.4
409	-0.956576	110.474704	1.104076	0.008382	2.4
410	-1.030750	111.433715	1.096081	0.018802	2.3
411	-0.961115	112.433715	1.087867	0.005718	2.4
412	-0.944094	113.433715	1.079774	0.010260	2.3
413	-1.007924	114.421714	1.071897	0.021234	2.3
414	-0.939356	114.358185	1.072400	0.003896	2.4
415	-1.013480	115.358185	1.064535	0.005241	2.4
416	-0.943877	115.295673	1.065023	0.004662	2.2
417	-0.986326	115.232427	1.065518	0.004841	2.3
418	-0.898859	115.936806	1.060037	0.002893	2.5
419	-0.962117	116.485184	1.055809	0.007050	2.3
420	-0.890792	116.422577	1.056290	0.003308	2.3
421	-0.978414	116.631193	1.054689	0.005588	2.4
422	-0.978570	117.229738	1.050122	0.004653	2.3
423	-0.952332	117.859833	1.045357	0.012082	2.3
424	-1.032895	117.796301	1.045835	0.001921	2.4
425	-0.949589	117.971183	1.044519	0.006497	2.3
426	-0.933917	117.921206	1.044895	0.014351	2.3
427	-0.960093	117.857668	1.045373	0.017308	2.3
428	-0.944119	117.794129	1.045852	0.007668	2.4
429	-0.939616	117.730590	1.046331	0.001860	2.3
430	-0.972669	117.809890	1.045733	0.012128	2.4
431	-0.995194	117.754353	1.046152	0.010936	2.6
432	-1.030309	117.690814	1.046631	0.004601	2.4
433	-0.984772	117.667095	1.046810	0.012619	2.4
434	-0.986247	117.603557	1.047290	0.013497	2.6
435	-0.939001	117.540018	1.047770	0.006460	3.2
436	-0.966048	117.543865	1.047741	0.006833	3.7
437	-0.949471	118.538839	1.040270	0.003303	5.1
438	-0.977155	118.500289	1.040558	0.014650	2.6
439	-0.948266	118.436751	1.041032	0.011646	2.3
440	-1.001462	119.436751	1.033619	0.003776	2.4
441	-0.935741	119.640516	1.032121	0.002952	3.2
442	-0.998952	119.644465	1.032092	0.007846	2.4
443	-0.997710	120.502096	1.025837	0.014119	2.4
444	-1.033038	121.502091	1.018638	0.016394	2.4
445	-0.956976	121.438553	1.019093	0.007494	2.3
446	-0.933869	122.438553	1.011988	0.009943	2.4
447	-0.918928	123.438540	1.004982	0.005576	2.6
448	-1.006509	123.375426	1.005421	0.004693	2.6
449	-0.957583	123.436181	1.004998	0.004262	2.4
450	-0.906706	123.377382	1.005407	0.011835	2.4
451	-0.984284	124.131803	1.000181	0.007806	2.3
452	-0.998173	124.068264	1.000619	0.023483	2.2
453	-0.942250	124.004726	1.001058	0.015109	2.3
454	-0.965456	125.004726	0.994201	0.006013	2.5
455	-0.969947	124.941187	0.994634	0.011752	2.3
456	-0.935754	125.940769	0.987868	0.008827	2.4
457	-0.970224	126.940769	0.981190	0.004053	2.2
458	-0.919784	126.877255	0.981612	0.014671	2.3
459	-0.936282	127.511290	0.977421	0.003294	2.3
460	-0.939288	127.447779	0.977839	0.008421	2.3
461	-0.963397	128.269848	0.972454	0.008554	2.3
462	-1.013109	129.269715	0.965984	0.008264	2.3
463	-0.948982	129.206177	0.966392	0.009264	2.3
464	-0.976295	130.174458	0.960202	0.008584	2.3
465	-0.956173	131.174251	0.953894	0.008478	2.3
466	-0.951730	131.110715	0.954292	0.005322	2.3
467	-0.962872	131.051354	0.954665	0.003828	2.5
468	-0.970205	131.063337	0.954590	0.002550	2.3
469	-0.942072	131.025717	0.954826	0.010146	2.5
470	-0.989233	131.211120	0.953663	0.008422	2.5
471	-0.966373	132.211120	0.947438	0.004538	2.4
472	-0.901006	132.310455	0.946824	0.010605	2.4
473	-1.029103	133.284781	0.940845	0.005689	2.5
474	-0.952991	133.221248	0.941233	0.006341	2.2
475	-0.971605	134.216902	0.935195	0.002519	2.4
476	-1.017076	134.162716	0.935522	0.008198	3.8
477	-0.945645	134.228333	0.935126	0.005348	5.5
478	-0.888339	134.170050	0.935477	0.016722	3.2
479	-0.993744	134.106547	0.935860	0.003913	2.4
480	-0.943114	135.106269	0.929867	0.012474	2.3
481	-0.966725	135.042732	0.930246	0.010271	2.3
482	-0.991436	136.041300	0.924331	0.005589	2.3
483	-0.905446	137.009416	0.918667	0.002266	2.4
484	-1.005427	137.338435	0.916758	0.021967	2.5
485	-0.939872	137.289874	0.917040	0.013053	2.3
486	-0.954578	137.226338	0.917408	0.006323	2.3
487	-0.947177	137.162800	0.917776	0.011612	2.2
488	-0.987686	138.162799	0.912010	0.007784	2.3
489	-0.957851	139.162798	0.906316	0.011236	2.3
490	-0.923542	140.162382	0.900695	0.007002	2.4
491	-1.005544	141.162382	0.895140	0.007242	2.4
492	-0.907073	141.101800	0.895475	0.011408	2.4
493	-0.995226	142.100599	0.889991	0.005496	2.2
494	-0.965256	142.037691	0.890334	0.006885	2.3
495	-0.962012	141.974204	0.890681	0.004562	2.3
496	-0.945027	141.912764	0.891017	0.009893	2.3
497	-0.903679	141.852820	0.891345	0.009260	2.4
498	-0.936517	141.789350	0.891693	0.003898	2.3
499	-0.943005	141.726111	0.892039	0.003241	2.3
500	-0.922566	142.220639	0.889337	0.006552	2.3
501	-0.924052	142.167783	0.889625	0.006645	2.4
502	-0.922128	142.119345	0.889889	0.005635	2.4
503	-0.967047	142.203598	0.889429	0.015049	2.3
504	-0.939878	143.203207	0.884015	0.019603	2.4
505	-0.869224	143.139669	0.884357	0.008229	2.4
506	-0.903477	144.139669	0.879002	0.005635	2.5
507	-1.041570	144.076154	0.879340	0.006672	2.3
508	-0.930344	145.071359	0.874070	0.005685	2.3
509	-0.884687	145.007889	0.874405	0.005561	2.3
510	-0.966686	145.995934	0.869231	0.008055	2.5
511	-1.003532	145.932425	0.869562	0.003643	2.3
512	-0.975448	146.765701	0.865243	0.011245	2.3
513	-0.969774	146.702265	0.865570	0.009229	2.4
514	-0.956500	147.457057	0.861692	0.007839	2.3
515	-0.982707	148.456424	0.856610	0.004406	2.4
516	-0.922860	148.568687	0.856043	0.004440	5.1
517	-1.024414	148.530407	0.856236	0.010205	2.2
518	-1.033315	149.416553	0.851784	0.004952	2.4
519	-0.959333	149.353028	0.852102	0.019447	2.3
520	-0.930936	150.351967	0.847134	0.009891	2.2
521	-0.953943	151.351967	0.842219	0.015943	2.8
522	-1.007792	152.351967	0.837360	0.010112	2.7
523	-0.943189	153.351967	0.832558	0.001701	2.4
524	-0.987163	154.074032	0.829124	0.011416	2.4
525	-1.050829	154.011585	0.829420	0.011872	2.5
526	-1.038299	155.011585	0.824708	0.008226	2.5
527	-0.914204	154.948046	0.825005	0.016267	2.4
528	-0.960739	155.948046	0.820343	0.009489	2.5
529	-0.985570	156.948046	0.815733	0.004767	2.4
530	-0.952652	156.885257	0.816021	0.003197	2.5
531	-0.932383	156.825506	0.816295	0.006185	2.3
532	-0.913468	157.236537	0.814413	0.010742	2.2
533	-1.008140	158.236284	0.809870	0.011475	2.5
534	-0.952917	158.172746	0.810157	0.007582	2.5
535	-0.945928	159.172746	0.805661	0.006396	2.5
536	-0.914883	160.168721	0.801231	0.009561	2.4
537	-1.030415	160.436810	0.800048	0.006166	2.4
538	-0.951106	160.373272	0.800328	0.011088	2.5
539	-0.992367	161.373219	0.795940	0.017452	2.4
540	-0.945781	162.373092	0.791600	0.006923	2.3
541	-1.009864	163.373092	0.787306	0.012214	2.4
542	-0.929635	163.309553	0.787578	0.003196	2.2
543	-0.917067	164.304396	0.783349	0.002433	2.6
544	-0.932580	164.324629	0.783264	0.006338	2.5
545	-0.965642	164.357100	0.783127	0.012790	2.3
546	-0.951620	164.293561	0.783395	0.005591	2.4
547	-0.914440	165.084802	0.780064	0.012804	2.5
548	-0.994034	165.021264	0.780331	0.009416	2.4
549	-0.907862	165.066498	0.780141	0.008373	2.3
550	-0.939796	165.002959	0.780407	0.004690	2.4
551	-0.930100	165.914837	0.776600	0.012209	2.4
552	-0.868412	166.914770	0.772468	0.017453	2.4
553	-0.967296	167.914770	0.768379	0.006290	2.4
554	-0.919180	168.914770	0.764333	0.006013	2.5
555	-0.946924	168.851812	0.764586	0.003162	3.1
556	-0.964776	168.792784	0.764824	0.008479	2.7
557	-0.976812	169.680351	0.761264	0.006013	2.5
558	-0.939255	169.647415	0.761395	0.004825	2.4
559	-0.999392	169.584922	0.761645	0.010438	2.4
560	-0.965290	169.521385	0.761899	0.005654	2.7
561	-1.017389	169.457846	0.762153	0.016914	2.4
562	-0.955985	169.465128	0.762124	0.002051	2.4
563	-0.962521	169.413739	0.762330	0.002908	2.3
564	-0.901176	169.418546	0.762311	0.007205	2.4
565	-0.955201	169.445296	0.762204	0.007859	2.4
566	-1.010393	169.381917	0.762457	0.006079	2.6
567	-0.969040	170.379986	0.758481	0.004193	2.2
568	-0.990273	170.320297	0.758718	0.006146	2.4
569	-0.985196	170.306436	0.758773	0.005118	2.4
570	-0.969883	170.388244	0.758448	0.014019	2.2
571	-0.997720	171.289999	0.754891	0.011998	2.4
572	-0.995017	172.289999	0.750986	0.022620	2.5
573	-0.964586	172.226461	0.751233	0.010360	2.5
574	-0.996996	173.218670	0.747395	0.016063	2.4
575	-1.021699	174.218670	0.743567	0.004973	2.4
576	-0.931275	174.865141	0.741112	0.004649	2.2
577	-1.037613	174.803129	0.741347	0.008821	2.3
578	-0.972087	174.761505	0.741505	0.001010	2.2
579	-0.925001	174.838673	0.741213	0.006261	2.4
580	-0.953191	174.805563	0.741338	0.003770	2.3
581	-0.912016	174.744471	0.741569	0.004278	2.4
582	-0.945967	174.763082	0.741499	0.009394	2.4
583	-0.968466	174.699581	0.741739	0.003830	2.2
584	-0.917366	175.554737	0.738512	0.010033	2.3
585	-0.918288	175.491211	0.738751	0.004834	2.3
586	-0.928033	175.429024	0.738985	0.005517	2.4
587	-0.952326	176.027078	0.736742	0.009896	2.4
588	-0.967225	175.966977	0.736967	0.004537	2.5
589	-1.018552	176.102681	0.736459	0.013536	2.3
590	-0.998297	177.025029	0.733029	0.002595	2.3
591	-0.966091	176.964364	0.733254	0.015757	2.3
592	-0.946419	177.027745	0.733019	0.011073	2.3
593	-0.976067	178.027745	0.729336	0.008977	2.2
594	-0.921166	179.027745	0.725690	0.006383	2.3
595	-0.916246	178.966445	0.725912	0.004024	2.2
596	-1.010128	179.864425	0.722667	0.007079	2.5
597	-0.945389	180.796660	0.719328	0.014464	2.6
598	-0.937653	180.733122	0.719555	0.010475	2.5
599	-0.984818	181.733122	0.716006	0.003686	2.6
600	-0.926671	182.730085	0.712502	0.012163	2.3
601	-1.004897	182.666572	0.712724	0.003744	2.3
602	-0.997427	182.603053	0.712946	0.012054	2.5
603	-0.960716	183.309750	0.710480	0.006762	2.6
604	-0.909963	183.916663	0.708376	0.002570	2.8
605	-0.915751	183.880052	0.708503	0.003460	2.4
606	-0.986959	183.936765	0.708307	0.004037	2.5
607	-0.971747	183.876922	0.708514	0.008878	2.4
608	-0.998848	184.745325	0.705523	0.015939	2.3
609	-1.017696	184.681787	0.705741	0.008075	2.3
610	-0.986799	185.681704	0.702327	0.004880	2.6
611	-0.989706	185.618177	0.702543	0.012358	2.3
612	-0.950808	185.556377	0.702753	0.010485	2.3
613	-0.987566	185.492839	0.702969	0.010037	2.2
614	-0.984399	185.429301	0.703185	0.006019	2.4
615	-0.940880	186.419483	0.699829	0.005839	2.4
616	-0.944035	186.399152	0.699897	0.010391	2.3
617	-0.940667	186.336345	0.700109	0.002743	2.5
618	-1.017100	186.281315	0.700295	0.005793	2.3
619	-0.980572	186.646448	0.699064	0.004997	2.3
620	-0.941854	186.604705	0.699204	0.006385	2.3
621	-0.960969	187.582472	0.695927	0.007241	2.4
622	-1.013067	188.582084	0.692607	0.006011	2.6
623	-0.942255	189.406037	0.689895	0.004899	4.4
624	-0.950892	189.342574	0.690103	0.002170	2.5
625	-0.929847	189.353531	0.690067	0.007889	2.7
626	-0.937366	189.762798	0.688727	0.006393	2.6
627	-0.970178	189.699261	0.688935	0.013152	2.7
628	-0.955457	190.699261	0.685681	0.007577	2.5
629	-0.928290	191.699261	0.682457	0.012849	2.4
630	-0.930674	191.636247	0.682659	0.011399	2.5
631	-0.924022	192.564675	0.679691	0.012023	2.4
632	-1.032549	192.501137	0.679894	0.007184	2.5
633	-0.983747	193.501121	0.676724	0.003506	2.6
634	-0.999611	193.437960	0.676923	0.004890	2.4
635	-0.985703	193.971188	0.675244	0.001814	2.5
636	-0.868188	194.059774	0.674966	0.008664	2.6
637	-0.938379	194.021310	0.675087	0.005430	2.5
638	-0.992574	194.207040	0.674504	0.019255	3.6
639	-1.001813	194.143501	0.674704	0.006947	3.7
640	-0.958273	194.079963	0.674903	0.014484	3.1
641	-0.931672	194.016426	0.675102	0.009136	2.4
642	-0.956217	193.952888	0.675302	0.002231	2.6
643	-1.006939	194.559607	0.673401	0.006485	2.5
644	-1.006199	194.507702	0.673563	0.018846	2.9
645	-0.893273	195.507702	0.670452	0.011527	2.7
646	-0.961411	196.507702	0.667370	0.010264	3.0
647	-0.925280	196.449404	0.667549	0.007470	2.5
648	-0.900403	196.385965	0.667744	0.012733	2.5
649	-0.924447	196.322427	0.667939	0.007044	2.5
650	-1.024819	197.322427	0.664879	0.002204	2.5
651	-0.944647	197.261341	0.665065	0.011172	2.7
652	-0.979005	197.849309	0.663279	0.004961	2.4
653	-1.007511	197.790740	0.663456	0.004290	2.4
654	-0.921300	198.078676	0.662584	0.002767	2.3
655	-0.949223	198.019449	0.662763	0.007976	2.4
656	-0.944638	197.957077	0.662952	0.003203	2.4
657	-0.929773	197.895507	0.663139	0.010798	2.4
658	-0.908862	198.881655	0.660165	0.014179	2.5
659	-1.036935	198.818116	0.660355	0.003312	2.3
660	-1.010919	199.817505	0.657367	0.012155	2.3
661	-0.933272	199.753978	0.657556	0.008566	2.3
662	-0.956233	199.690440	0.657745	0.009577	2.6
663	-0.879345	199.705091	0.657702	0.007819	3.0
664	-0.952728	200.705090	0.654735	0.012559	2.3
665	-0.971045	200.641551	0.654923	0.007137	2.5
666	-0.960905	200.578031	0.655110	0.004202	2.4
667	-0.912105	200.543214	0.655213	0.010268	2.4
668	-0.958169	200.479705	0.655401	0.004539	2.4
669	-0.923598	200.416322	0.655589	0.006655	2.4
670	-0.990719	200.353254	0.655776	0.004287	2.4
671	-1.020486	200.289821	0.655964	0.016792	2.4
672	-0.960326	201.289819	0.653013	0.008458	2.4
673	-0.995659	201.226280	0.653199	0.010006	2.3
674	-0.949819	201.162742	0.653386	0.009184	2.3
675	-0.964238	201.099203	0.653573	0.012549	2.3
676	-0.919806	202.099203	0.650644	0.000687	2.3
677	-0.980607	202.074248	0.650716	0.009309	2.7
678	-0.968562	202.142455	0.650518	0.010318	3.6
679	-1.016753	203.142455	0.647615	0.007606	2.4
680	-0.908457	204.142453	0.644739	0.002709	2.3
681	-1.003593	204.291833	0.644311	0.010659	2.5
682	-0.913375	204.228475	0.644493	0.003294	2.5
683	-0.961210	205.190475	0.641751	0.003478	2.2
684	-1.034079	205.493685	0.640892	0.011462	1.6
685	-1.034228	205.437735	0.641051	0.006138	1.8
686	-0.964755	205.374197	0.641231	0.005662	2.0
687	-0.963970	205.316229	0.641395	0.012434	1.8
688	-0.931582	205.252704	0.641575	0.010081	2.0
689	-0.964649	206.252209	0.638753	0.011885	1.9
690	-0.971547	207.252209	0.635955	0.016618	2.0
691	-0.933000	208.252209	0.633181	0.026300	1.8
692	-0.953447	208.188670	0.633356	0.007245	1.6
693	-0.969680	209.188670	0.630605	0.007692	1.7
694	-0.996320	210.188610	0.627877	0.013814	2.0
695	-0.941075	211.188545	0.625173	0.003865	1.6
696	-0.961387	211.133213	0.625322	0.002318	1.8
697	-0.942849	211.317102	0.624827	0.003642	1.9
698	-1.005819	211.448610	0.624474	0.011240	1.7
699	-0.894439	211.385084	0.624645	0.008826	4.2
700	-0.921558	212.384758	0.621969	0.003844	1.8
701	-0.977600	213.377367	0.619335	0.006064	1.9
702	-1.021246	213.415877	0.619233	0.008552	1.8
703	-1.002715	213.352339	0.619401	0.003895	1.8
704	-0.976407	213.406253	0.619259	0.004825	2.3
705	-1.002259	213.384294	0.619317	0.010415	2.2
706	-0.971968	213.320879	0.619484	0.011394	1.7
707	-0.923972	214.320879	0.616852	0.011344	1.9
708	-1.038546	214.257341	0.617018	0.009470	1.9
709	-0.930514	215.257326	0.614407	0.004792	1.9
710	-1.002126	215.288620	0.614325	0.003233	1.9
711	-0.993786	215.227061	0.614485	0.008908	1.8
712	-0.978253	215.163629	0.614650	0.017186	1.9
713	-0.943660	216.163629	0.612059	0.015671	1.9
714	-0.987830	216.100091	0.612223	0.006879	2.1
715	-0.963209	216.036552	0.612387	0.014390	2.0
716	-0.920187	217.036552	0.609814	0.005765	1.8
717	-0.984102	218.036475	0.607263	0.008618	1.7
718	-1.025664	217.984004	0.607397	0.003458	1.9
719	-0.993038	217.923020	0.607552	0.017138	1.6
720	-1.024202	218.917286	0.605034	0.012009	1.9
721	-0.991297	218.853748	0.605194	0.019029	2.1
722	-0.960062	219.853748	0.602681	0.004888	1.6
723	-0.885910	219.790211	0.602840	0.005178	2.3
724	-1.023698	219.730618	0.602990	0.003662	2.0
725	-0.972454	220.459719	0.601169	0.005113	3.3
726	-0.932549	220.953974	0.599941	0.002536	3.2
727	-0.944090	221.058204	0.599683	0.004810	2.4
728	-0.957171	221.109832	0.599555	0.005512	2.2
729	-1.003564	221.047293	0.599710	0.006340	2.3
730	-0.919854	220.983848	0.599867	0.010191	2.2
731	-0.984750	220.962997	0.599918	0.009197	2.4
732	-0.973379	220.899458	0.600076	0.006143	2.6
733	-0.939624	221.899173	0.597606	0.009177	3.0
734	-0.946374	221.836372	0.597761	0.010800	2.6
735	-0.930264	222.099727	0.597113	0.007299	2.5
736	-0.990191	222.064435	0.597200	0.002774	2.4
737	-0.934332	222.871125	0.595225	0.007128	2.2
738	-0.988779	222.945447	0.595043	0.009186	2.4
739	-0.934938	223.503978	0.593684	0.001783	2.4
740	-0.992552	223.481931	0.593737	0.003980	2.4
741	-0.939024	223.484576	0.593731	0.007358	2.6
742	-0.906160	224.452376	0.591390	0.006966	2.5
743	-0.999395	224.388898	0.591543	0.019620	2.4
744	-0.999670	225.388898	0.589142	0.012674	2.4
745	-0.938442	226.388898	0.586761	0.007287	2.5
746	-0.971125	227.388865	0.584398	0.005168	2.3
747	-0.974598	228.383289	0.582068	0.003325	2.4
748	-0.946232	228.535526	0.581713	0.004895	2.4
749	-0.902860	228.484046	0.581833	0.006416	2.4
750	-0.880593	228.420724	0.581981	0.006902	2.4
751	-0.964735	229.303928	0.579927	0.005145	2.4
752	-0.941370	229.240492	0.580074	0.013920	2.5
753	-0.984037	230.240485	0.577765	0.004651	2.4
754	-0.913933	231.240470	0.575475	0.001459	2.4
755	-0.973051	231.200794	0.575566	0.008744	2.4
756	-0.971637	231.159038	0.575661	0.008526	2.3
757	-0.990414	232.158181	0.573389	0.004486	2.3
758	-0.888421	232.094703	0.573533	0.008003	2.4
759	-1.002074	233.090192	0.571286	0.007646	2.3
760	-0.913909	234.090174	0.569046	0.005047	2.5
761	-0.950820	234.324729	0.568523	0.004415	2.4
762	-0.882562	235.078239	0.566850	0.012399	2.3
763	-0.994644	236.074202	0.564654	0.003795	2.4
764	-0.962413	237.073379	0.562468	0.008540	1.6
765	-0.917184	237.010551	0.562605	0.011534	1.9
766	-0.962765	236.947012	0.562744	0.008767	1.8
767	-0.916262	236.887271	0.562874	0.007943	2.1
768	-0.959048	237.887268	0.560700	0.012932	2.5
769	-0.931648	237.823732	0.560838	0.011289	1.9
770	-0.912354	238.823732	0.558679	0.013570	1.9
771	-0.982626	238.760457	0.558815	0.004143	2.1
772	-0.989166	238.801839	0.558726	0.001864	1.6
773	-0.973839	238.913665	0.558486	0.011594	2.2
774	-0.891219	239.024297	0.558248	0.007050	1.8
775	-0.991516	240.014716	0.556130	0.011207	1.9
776	-0.968901	239.951177	0.556265	0.008600	1.9
777	-0.987270	240.951177	0.554142	0.007563	1.8
778	-0.944964	240.995163	0.554049	0.001462	2.0
779	-0.935570	240.952910	0.554138	0.009629	1.6
780	-0.963263	240.949219	0.554146	0.014685	1.9
781	-1.040825	240.885681	0.554280	0.004551	2.0
782	-0.950129	240.822147	0.554415	0.011666	2.2
783	-0.996465	240.758615	0.554549	0.006658	8.0
784	-0.954462	240.695078	0.554684	0.006458	1.8
785	-0.965509	240.631917	0.554818	0.006761	1.8
786	-0.987955	240.568446	0.554953	0.015023	1.9
787	-0.911728	241.568442	0.552839	0.005754	2.1
788	-0.946250	241.949224	0.552038	0.008978	1.9
789	-0.965513	241.885687	0.552172	0.014587	1.9
790	-1.010314	242.885687	0.550079	0.005774	2.0
791	-0.974916	243.876641	0.548021	0.008228	1.9
792	-0.906818	243.813114	0.548153	0.003070	1.8
793	-1.020823	243.749922	0.548284	0.014558	2.1
794	-0.961450	244.744850	0.546231	0.005844	2.1
795	-0.945240	245.744820	0.544183	0.003131	2.1
796	-0.865438	245.716419	0.544241	0.004559	1.9
797	-0.940588	246.244554	0.543166	0.023086	1.6
798	-0.984580	247.244554	0.541141	0.007156	1.7
799	-0.847062	247.181015	0.541269	0.012874	2.0
800	-0.883121	247.362313	0.540903	0.008935	2.0
801	-0.893399	248.362313	0.538895	0.007888	2.1
802	-0.952215	249.362310	0.536902	0.014819	1.8
803	-1.008118	249.298771	0.537028	0.009774	1.9
804	-0.993938	249.235233	0.537155	0.004791	1.9
805	-0.979713	250.234744	0.535175	0.013902	1.7
806	-0.908924	251.234550	0.533210	0.003813	1.8
807	-1.009707	251.171055	0.533334	0.009804	1.6
808	-0.942347	251.593606	0.532507	0.009658	1.8
809	-0.975327	251.530067	0.532631	0.006131	2.1
810	-0.975743	252.502539	0.530738	0.008557	2.0
811	-0.964058	252.444524	0.530850	0.015822	1.7
812	-0.927759	252.415308	0.530907	0.007952	2.1
813	-0.953367	252.351989	0.531030	0.008523	1.9
814	-0.990293	253.145809	0.529492	0.003719	2.8
815	-0.959370	253.674539	0.528473	0.005342	3.0
816	-0.977035	253.624276	0.528570	0.007535	2.3
817	-0.917064	253.560752	0.528692	0.008859	2.4
818	-0.988315	253.497214	0.528814	0.013476	2.5
819	-0.975964	253.433675	0.528937	0.002688	2.3
820	-0.976202	253.387787	0.529025	0.012135	2.3
821	-0.973529	254.366240	0.527146	0.005538	2.4
822	-0.989620	254.308717	0.527256	0.008057	2.5
823	-0.945612	254.245231	0.527377	0.006758	2.5
824	-0.964477	254.183255	0.527496	0.015066	2.0
825	-0.977193	254.119717	0.527618	0.010428	2.2
826	-1.029456	255.119717	0.525707	0.002403	2.4
827	-1.038270	255.057107	0.525826	0.005890	2.5
828	-0.900755	255.005941	0.525924	0.004484	2.3
829	-0.995139	254.942710	0.526044	0.008264	2.6
830	-0.961908	254.888564	0.526147	0.008900	2.5
831	-0.959727	254.825026	0.526269	0.006481	2.4
832	-0.990679	255.619191	0.524758	0.005513	2.4
833	-0.927396	256.395818	0.523289	0.013117	2.2
834	-0.973783	256.332318	0.523408	0.004876	2.3
835	-0.916228	257.296209	0.521596	0.010276	2.4
836	-1.011828	257.601963	0.521023	0.000779	2.2
837	-0.968470	257.603855	0.521020	0.005031	2.4
838	-0.972575	257.657712	0.520919	0.015187	2.4
839	-0.965892	257.594350	0.521037	0.006767	2.3
840	-0.941417	258.594350	0.519174	0.003424	2.4
841	-1.005746	259.498020	0.517501	0.012958	2.3
842	-0.923406	259.728642	0.517076	0.004758	2.5
843	-0.879567	259.665123	0.517193	0.009627	2.2
844	-1.015289	259.664947	0.517193	0.007706	2.3
845	-0.974885	260.636737	0.515409	0.003520	2.2
846	-0.955426	260.809125	0.515094	0.004663	2.2
847	-0.987314	261.533734	0.513773	0.009179	2.7
848	-1.005224	261.475119	0.513879	0.004537	2.3
849	-0.896474	262.379893	0.512238	0.004822	2.9
850	-0.920299	263.110563	0.510921	0.011290	2.4
851	-0.993790	264.106880	0.509136	0.008306	2.4
852	-1.042436	265.106880	0.507356	0.007501	2.6
853	-0.838954	265.043355	0.507469	0.010745	2.5
854	-0.932728	264.979825	0.507582	0.008281	2.5
855	-0.982374	264.933984	0.507663	0.009162	2.5
856	-0.952553	264.870445	0.507776	0.012243	3.0
857	-0.964960	265.870445	0.506006	0.010603	3.1
858	-0.991647	265.806907	0.506118	0.011435	2.9
859	-0.940832	266.806907	0.504359	0.007021	2.5
860	-1.019311	266.743369	0.504471	0.009832	3.0
861	-0.889511	267.725100	0.502755	0.023998	2.1
862	-0.983927	268.670377	0.501115	0.011486	1.7
863	-0.968432	269.670377	0.499391	0.007860	1.7
864	-0.889783	270.670377	0.497679	0.005497	1.8
865	-0.961053	270.740708	0.497559	0.009685	2.4
866	-0.966334	270.677194	0.497667	0.003281	2.1
867	-0.933108	271.664442	0.495988	0.007258	2.0
868	-0.915626	272.074154	0.495295	0.011584	1.9
869	-0.965564	272.620190	0.494374	0.005533	1.8
870	-0.942585	272.556656	0.494481	0.005503	1.8
871	-0.945288	272.498241	0.494579	0.003452	1.8
872	-0.935799	272.437414	0.494682	0.005328	2.0
873	-0.902806	272.375495	0.494786	0.009866	1.9
874	-0.898932	272.311956	0.494893	0.011372	2.5
875	-1.018937	273.311956	0.493212	0.005264	1.9
876	-0.951861	273.944372	0.492154	0.004696	2.9
877	-0.969702	273.887358	0.492249	0.005452	2.2
878	-0.903153	273.824055	0.492355	0.004702	2.4
879	-0.988562	273.764044	0.492455	0.007632	2.0
880	-0.945430	274.649804	0.490980	0.007835	1.8
881	-0.927449	274.586309	0.491085	0.005598	1.8
882	-0.979686	275.584799	0.489432	0.008657	1.9
883	-0.909677	276.582133	0.487792	0.006759	1.8
884	-0.943681	277.574650	0.486170	0.011287	2.0
885	-0.937009	278.574650	0.484547	0.006564	1.9
886	-0.946234	278.511111	0.484650	0.009557	1.6
887	-0.995501	279.509980	0.483039	0.002079	2.2
888	-1.071652	279.514797	0.483031	0.010432	1.8
889	-0.920976	279.555751	0.482966	0.009643	2.1
890	-0.919070	279.492212	0.483068	0.007126	2.0
891	-0.911285	279.438796	0.483154	0.002341	1.7
892	-0.943168	279.758019	0.482641	0.003124	1.9
893	-0.966517	279.716932	0.482707	0.004468	1.8
894	-0.983943	279.690488	0.482749	0.008325	1.6
895	-0.963102	280.039743	0.482189	0.008633	2.1
896	-0.982076	281.039730	0.480593	0.011404	1.9
897	-0.990842	280.976191	0.480694	0.009283	2.0
898	-1.025515	280.912653	0.480795	0.007300	2.1
899	-0.975240	280.849115	0.480896	0.012730	2.3
900	-0.926718	281.849115	0.479308	0.012536	1.7
901	-0.888631	281.785576	0.479409	0.002578	2.0
902	-0.894422	281.724088	0.479506	0.006583	1.9
903	-0.928321	282.067136	0.478963	0.012345	2.0
904	-0.855359	282.003639	0.479064	0.003937	2.5
905	-0.974728	282.379125	0.478471	0.005191	2.9
906	-1.019009	282.361133	0.478499	0.010228	2.1
907	-1.007512	282.297688	0.478599	0.013113	4.2
908	-0.912218	282.234149	0.478700	0.007328	1.6
909	-0.981087	283.233925	0.477127	0.005360	2.1
910	-0.889761	284.232161	0.475566	0.005769	2.0
911	-0.980432	285.209848	0.474048	0.002313	2.4
912	-0.955572	285.161152	0.474123	0.011140	1.9
913	-0.973704	285.098193	0.474221	0.003900	1.8
914	-0.885576	286.096899	0.472678	0.004507	2.0
915	-0.915638	286.060404	0.472735	0.008699	2.4
916	-0.920681	287.055496	0.471208	0.006215	2.5
917	-1.004378	287.582543	0.470403	0.002491	2.6
918	-1.020132	287.678614	0.470256	0.007340	2.7
919	-0.967701	288.183030	0.469489	0.006121	2.6
920	-0.994057	288.119509	0.469586	0.005640	2.5
921	-0.944821	289.095362	0.468108	0.016934	2.5
922	-0.938690	290.095362	0.466603	0.005631	2.6
923	-0.962388	291.093641	0.465111	0.005744	2.5
924	-0.987053	291.119242	0.465073	0.009640	2.3
925	-0.994257	292.119075	0.463587	0.008135	2.2
926	-0.947175	292.055597	0.463681	0.010464	2.2
927	-0.986461	293.055517	0.462205	0.005568	2.2
928	-0.964173	292.992066	0.462299	0.007269	2.3
929	-0.984271	292.929659	0.462390	0.006853	2.4
930	-0.937395	293.929335	0.460923	0.004996	2.5
931	-0.999365	293.866446	0.461015	0.010566	2.4
932	-0.970491	294.866362	0.459555	0.013918	2.3
933	-0.935231	295.866362	0.458105	0.004215	2.5
934	-0.907122	295.803131	0.458196	0.005982	2.3
935	-0.931172	295.748027	0.458276	0.004082	2.4
936	-0.983021	296.119315	0.457740	0.006480	2.3
937	-0.989223	296.060848	0.457824	0.007434	2.5
938	-0.920516	297.042812	0.456410	0.006727	2.5
939	-0.964086	298.038121	0.454987	0.003536	2.3
940	-0.948483	298.929242	0.453719	0.017649	2.3
941	-0.920775	298.865705	0.453809	0.008373	2.5
942	-1.005446	298.802166	0.453900	0.009646	2.3
943	-0.963838	299.801839	0.452485	0.009057	2.4
944	-0.987578	300.801691	0.451079	0.007520	4.2
945	-0.975419	300.738153	0.451168	0.007439	2.7
946	-1.021897	301.403642	0.450237	0.023463	2.4
947	-0.940327	302.403641	0.448845	0.013504	2.7
948	-1.023938	303.403641	0.447461	0.008069	2.2
949	-0.961009	303.340103	0.447549	0.022390	2.6
950	-0.894743	303.276564	0.447637	0.005316	2.3
951	-0.986856	303.213026	0.447724	0.005843	2.6
952	-0.946268	304.055001	0.446565	0.001282	2.1
953	-0.855743	304.217549	0.446341	0.018812	2.2
954	-0.962719	304.159000	0.446422	0.010796	2.3
955	-0.897812	305.159000	0.445053	0.007154	2.3
956	-0.955571	305.970309	0.443949	0.015572	2.2
957	-0.980251	305.906771	0.444035	0.006537	2.3
958	-0.944780	306.906771	0.442681	0.008429	2.4
959	-1.001727	306.843316	0.442767	0.005279	2.3
960	-0.970540	306.780532	0.442851	0.008323	2.4
961	-0.958390	306.716996	0.442937	0.001287	2.1
962	-1.015963	306.675929	0.442993	0.002495	2.1
963	-0.965512	306.696091	0.442966	0.002394	1.9
964	-0.967154	306.826788	0.442789	0.008091	1.9
965	-0.953209	306.815407	0.442804	0.011304	9.7
966	-0.969835	307.815119	0.441458	0.009877	2.2
967	-0.933054	307.783301	0.441501	0.005112	1.7
968	-1.019793	307.719766	0.441586	0.007302	1.8
969	-0.979348	307.656262	0.441671	0.013156	1.8
970	-0.987427	308.656262	0.440332	0.016675	2.0
971	-0.944605	308.594338	0.440414	0.004535	2.3
972	-0.969384	309.594193	0.439082	0.007574	1.9
973	-0.956119	309.778769	0.438837	0.011394	2.0
974	-0.954548	309.715230	0.438922	0.008897	2.0
975	-0.979196	309.651692	0.439006	0.014023	1.9
976	-0.925450	309.589620	0.439088	0.003188	1.9
977	-0.945793	309.535364	0.439161	0.005826	2.0
978	-0.977728	309.546555	0.439146	0.005933	1.8
979	-0.960628	309.484527	0.439228	0.005214	1.9
980	-0.955472	309.447165	0.439278	0.004489	1.9
981	-0.954825	309.384018	0.439362	0.005101	2.0
982	-1.058460	310.007758	0.438534	0.007409	2.5
983	-1.004968	309.944277	0.438618	0.008824	1.9
984	-0.965606	309.880739	0.438702	0.007281	2.0
985	-0.963706	309.817200	0.438786	0.003787	2.2
986	-0.952198	309.829240	0.438770	0.009202	1.6
987	-0.974911	309.765740	0.438855	0.013684	2.0
988	-1.004241	309.702201	0.438939	0.007808	1.9
989	-0.892967	310.698483	0.437621	0.009901	2.2
990	-0.932523	310.641733	0.437695	0.008169	2.6
991	-0.938900	310.578195	0.437779	0.007620	2.0
992	-0.964594	311.578184	0.436463	0.010159	2.0
993	-0.961888	312.578184	0.435155	0.015069	2.0
994	-0.974647	313.578176	0.433854	0.014000	2.1
995	-0.922473	313.514638	0.433936	0.004131	1.8
996	-0.940360	314.514593	0.432643	0.016251	2.3
997	-0.972693	314.451276	0.432725	0.010889	1.9
998	-0.939387	314.387738	0.432807	0.012163	1.9
999	-0.955676	314.324204	0.432889	0.010414	1.8
