1:ItNr	2:Metric	3a:Time	3b:StepSize	4:||Gradient||	Time[ms]
0	-0.503930	0.000000	2.175630	0.038716	787.4
1	-0.504026	0.000000	2.175630	0.042754	2.7
2	-0.461661	0.000000	2.175630	0.056304	2.5
3	-0.459758	0.999990	2.076738	0.037453	2.2
4	-0.495977	0.238616	2.151186	0.015084	2.1
5	-0.478740	0.320192	2.142955	0.033181	2.2
6	-0.453260	0.000000	2.175630	0.014486	2.3
7	-0.450522	0.833442	2.092580	0.029569	2.2
8	-0.458243	1.476275	2.032731	0.024696	2.1
9	-0.489043	2.200905	1.969243	0.030777	2.2
10	-0.470698	3.195534	1.888291	0.049300	2.3
11	-0.424244	4.192017	1.813599	0.038075	2.2
12	-0.476339	3.430821	1.870106	0.021143	2.2
13	-0.451966	4.319689	1.804454	0.043953	2.3
14	-0.437678	4.209534	1.812339	0.026883	2.2
15	-0.459398	5.209077	1.743221	0.027511	2.2
16	-0.408837	6.040907	1.689596	0.010740	2.2
17	-0.458464	5.451196	1.727265	0.042335	2.3
18	-0.444283	4.750966	1.774233	0.029850	2.1
19	-0.444273	5.436526	1.728223	0.045486	2.4
20	-0.472689	6.436490	1.665236	0.039181	2.1
21	-0.519859	5.675188	1.712761	0.025625	2.3
22	-0.496988	6.672425	1.651038	0.024316	2.2
23	-0.465283	6.784583	1.644373	0.010074	2.6
24	-0.530614	6.422937	1.666059	0.027990	2.5
25	-0.488754	5.831231	1.702800	0.011542	2.6
26	-0.445315	5.164625	1.746183	0.041915	2.3
27	-0.448233	4.807989	1.770313	0.009706	2.2
28	-0.473704	5.722140	1.709752	0.016996	2.2
29	-0.445534	5.619143	1.716367	0.013551	2.2
30	-0.475007	5.972782	1.693864	0.022958	2.4
31	-0.470715	5.902435	1.698293	0.030846	5.1
32	-0.430047	5.605328	1.717258	0.056618	2.2
33	-0.472378	4.846890	1.767649	0.058209	2.2
34	-0.439815	5.846890	1.701807	0.023753	2.3
35	-0.456868	6.846833	1.640697	0.010479	2.2
36	-0.450392	6.917673	1.636534	0.022210	6.1
37	-0.473410	6.822334	1.642142	0.008427	2.2
38	-0.475294	6.836771	1.641290	0.055126	2.2
39	-0.469269	6.180527	1.680917	0.026060	2.3
40	-0.485423	5.419453	1.729340	0.041446	2.3
41	-0.517975	6.398407	1.667550	0.028307	2.2
42	-0.422476	7.371490	1.610357	0.016260	2.2
43	-0.489895	8.029568	1.573851	0.009857	2.1
44	-0.494938	8.481859	1.549706	0.016236	2.2
45	-0.482057	8.983145	1.523797	0.036064	2.0
46	-0.444208	9.867307	1.480149	0.033102	2.0
47	-0.438894	9.639688	1.491145	0.023485	1.8
48	-0.453326	10.505478	1.450168	0.010465	2.0
49	-0.511201	10.151528	1.466645	0.029415	2.1
50	-0.463880	10.949099	1.430032	0.037565	2.4
51	-0.509580	11.938688	1.387069	0.020096	2.0
52	-0.556629	11.389831	1.410573	0.035816	2.1
53	-0.491371	10.686653	1.441876	0.039030	2.2
54	-0.501685	9.944605	1.476452	0.019494	3.4
55	-0.456883	10.781669	1.437565	0.038219	2.2
56	-0.419043	10.418145	1.454199	0.023771	2.7
57	-0.470333	9.657522	1.490278	0.035164	2.4
58	-0.529651	9.171998	1.514259	0.021442	2.7
59	-0.459103	8.413276	1.553320	0.033946	2.6
60	-0.528924	9.407391	1.502537	0.036160	2.2
61	-0.464026	8.646167	1.541117	0.017374	2.1
62	-0.509286	8.886481	1.528725	0.026809	2.5
63	-0.549733	8.738221	1.536347	0.027987	2.3
64	-0.474583	8.003177	1.575283	0.039395	2.2
65	-0.448401	7.308385	1.613947	0.043000	2.6
66	-0.471060	8.272877	1.560770	0.024334	2.9
67	-0.475731	9.271813	1.509266	0.030265	2.4
68	-0.462591	8.866027	1.529772	0.022185	2.1
69	-0.499990	9.828485	1.482013	0.028648	2.7
70	-0.413052	10.271536	1.461016	0.015899	2.4
71	-0.482113	9.953679	1.476019	0.047596	2.1
72	-0.481077	9.489819	1.498475	0.030257	2.2
73	-0.469744	10.489791	1.450890	0.028081	2.2
74	-0.443178	11.485254	1.406430	0.022092	2.1
75	-0.506558	12.415562	1.367274	0.039117	2.3
76	-0.437588	13.411851	1.327689	0.059008	2.9
77	-0.476674	12.650474	1.357729	0.025245	2.2
78	-0.440400	13.423348	1.327245	0.043565	2.4
79	-0.511271	14.421242	1.289854	0.034648	2.1
80	-0.443140	13.660150	1.318177	0.036205	2.2
81	-0.492813	14.645855	1.281726	0.018408	2.1
82	-0.444105	13.892535	1.309398	0.029960	2.3
83	-0.510841	13.198564	1.335969	0.030671	2.3
84	-0.417764	12.444027	1.366110	0.066370	2.3
85	-0.479600	13.444016	1.326449	0.009693	2.2
86	-0.494014	14.382885	1.291252	0.034553	2.2
87	-0.420009	13.978343	1.306186	0.025965	2.1
88	-0.536296	14.751075	1.277954	0.033390	1.7
89	-0.552223	15.734901	1.243728	0.042657	1.8
90	-0.487335	16.734855	1.210770	0.019276	1.8
91	-0.427879	16.420181	1.220951	0.015201	1.8
92	-0.433047	17.035801	1.201190	0.020780	1.5
93	-0.527993	17.352117	1.191283	0.046583	1.7
94	-0.464284	18.350313	1.161064	0.027934	1.8
95	-0.440755	17.591781	1.183885	0.027085	1.7
96	-0.401656	16.862726	1.206681	0.023662	10.4
97	-0.449387	17.516508	1.186198	0.024335	1.9
98	-0.528638	17.124541	1.198394	0.037020	1.8
99	-0.435710	18.121738	1.167847	0.037667	1.9
100	-0.430666	17.360417	1.191025	0.042540	1.6
101	-0.450519	16.599112	1.215141	0.026636	1.9
102	-0.466251	17.598673	1.183673	0.052707	2.0
103	-0.451526	18.598570	1.153785	0.027785	1.8
104	-0.434514	19.598443	1.125369	0.026633	1.9
105	-0.551589	18.841211	1.146758	0.045550	1.7
106	-0.446603	19.818167	1.119311	0.036933	1.5
107	-0.484573	20.528538	1.100164	0.058223	1.9
108	-0.524962	21.528520	1.074296	0.038731	2.4
109	-0.506185	22.528518	1.049616	0.027433	2.7
110	-0.485049	23.525162	1.026121	0.020295	1.8
111	-0.459200	22.833201	1.042320	0.028017	1.7
112	-0.514474	22.085230	1.060415	0.029507	1.7
113	-0.514314	21.326927	1.079413	0.032480	2.2
114	-0.498550	20.649966	1.096957	0.068385	2.3
115	-0.466163	19.889056	1.117370	0.026595	2.2
116	-0.503404	20.889052	1.090696	0.082007	2.5
117	-0.510089	21.888438	1.065281	0.033880	2.7
118	-0.498575	22.888438	1.041008	0.026335	2.0
119	-0.461558	23.845442	1.018793	0.010657	1.7
120	-0.450224	24.528361	1.003511	0.038811	2.0
121	-0.401740	23.855529	1.018564	0.019715	1.9
122	-0.535711	23.096640	1.036093	0.012952	1.8
123	-0.447208	22.517507	1.049881	0.042744	1.8
124	-0.510065	23.433107	1.028247	0.034377	2.1
125	-0.527931	22.675307	1.046088	0.013810	1.6
126	-0.414169	22.433637	1.051909	0.025181	1.7
127	-0.532350	22.895889	1.040831	0.049179	2.0
128	-0.536788	23.773029	1.020441	0.062787	1.9
129	-0.497702	23.011652	1.038094	0.014517	1.9
130	-0.410341	22.262980	1.056058	0.011644	1.9
131	-0.455682	22.463808	1.051178	0.038143	1.5
132	-0.414654	21.773672	1.068139	0.025844	1.9
133	-0.496847	22.681204	1.045947	0.026919	1.7
134	-0.460013	22.296588	1.055238	0.030201	1.5
135	-0.448121	23.290630	1.031555	0.028381	1.9
136	-0.520062	24.223452	1.010277	0.018096	2.0
137	-0.451667	23.509086	1.026492	0.026663	1.9
138	-0.493283	24.309877	1.008350	0.023820	2.9
139	-0.499346	24.899258	0.995402	0.040425	2.3
140	-0.454125	25.867499	0.974838	0.047103	2.6
141	-0.397970	25.121323	0.990610	0.032173	2.3
142	-0.508279	25.458064	0.983429	0.026404	2.5
143	-0.467660	26.428899	0.963299	0.004710	2.1
144	-0.508352	26.807368	0.955673	0.034430	1.9
145	-0.436254	27.033084	0.951182	0.055795	2.0
146	-0.495109	27.580531	0.940464	0.030480	2.1
147	-0.509724	27.828831	0.935681	0.010845	2.2
148	-0.489803	28.650055	0.920205	0.029831	2.3
149	-0.514634	28.722937	0.918856	0.020256	2.3
150	-0.461128	29.585975	0.903180	0.024482	2.1
151	-0.439060	28.928341	0.915076	0.019000	2.4
152	-0.466351	29.721543	0.900766	0.024543	2.4
153	-0.476790	30.346337	0.889805	0.008258	2.4
154	-0.508694	29.805154	0.899283	0.022548	2.3
155	-0.570284	30.067428	0.894665	0.010351	2.4
156	-0.501024	30.372011	0.889360	0.023485	2.8
157	-0.498284	30.917559	0.880015	0.059268	3.0
158	-0.459120	31.330714	0.873067	0.066336	2.3
159	-0.479849	32.330714	0.856696	0.033696	3.0
160	-0.421842	33.330713	0.840928	0.030197	2.3
161	-0.509976	32.576275	0.852770	0.017927	2.3
162	-0.523983	31.836979	0.864702	0.010588	2.3
163	-0.480759	31.931938	0.863150	0.016558	2.4
164	-0.473150	32.161411	0.859425	0.035649	2.3
165	-0.450835	32.933596	0.847120	0.031095	2.3
166	-0.496589	33.933309	0.831703	0.010572	2.6
167	-0.472684	34.792259	0.818899	0.026782	2.2
168	-0.432895	34.172124	0.828103	0.018808	2.3
169	-0.432095	34.956918	0.816489	0.013107	2.2
170	-0.476656	35.630196	0.806782	0.062532	2.2
171	-0.521844	36.565425	0.793675	0.057481	2.1
172	-0.437315	35.804048	0.804313	0.012645	2.3
173	-0.415103	36.555090	0.793817	0.021971	2.4
174	-0.531595	36.207499	0.798640	0.036141	2.2
175	-0.482701	37.143946	0.785778	0.033879	2.3
176	-0.424630	36.383301	0.796194	0.039516	2.3
177	-0.457945	35.626135	0.806840	0.014896	2.2
178	-0.527981	36.562870	0.793710	0.068347	2.2
179	-0.459953	35.917417	0.802711	0.024899	2.2
180	-0.555622	36.602042	0.793170	0.032425	2.2
181	-0.569528	37.597708	0.779693	0.039971	2.1
182	-0.455578	36.843261	0.789862	0.030752	2.2
183	-0.455753	36.081982	0.800397	0.018794	2.1
184	-0.486558	35.463261	0.809167	0.064309	2.3
185	-0.436591	34.702279	0.820222	0.008870	2.3
186	-0.456503	34.022059	0.830362	0.033589	2.3
187	-0.514841	33.394050	0.839949	0.018270	2.4
188	-0.472447	32.765769	0.849764	0.010176	2.3
189	-0.434296	32.578171	0.852739	0.023658	2.3
190	-0.408673	32.030603	0.861544	0.037140	2.4
191	-0.455768	31.270501	0.874073	0.033039	2.3
192	-0.474071	30.511250	0.886956	0.042099	2.5
193	-0.496743	29.750100	0.900259	0.025061	1.9
194	-0.535472	30.521591	0.886778	0.012194	1.8
195	-0.465469	30.418570	0.888555	0.033276	1.7
196	-0.448595	30.371237	0.889374	0.040252	1.8
197	-0.460680	31.371191	0.872392	0.041458	1.7
198	-0.445636	32.347957	0.856419	0.045012	1.7
199	-0.442136	33.347494	0.840668	0.010501	2.8
200	-0.503819	32.849420	0.848444	0.044887	2.3
201	-0.518063	33.732410	0.834756	0.033585	1.8
202	-0.468838	32.991812	0.846206	0.053936	1.9
203	-0.399832	33.962698	0.831259	0.027740	1.8
204	-0.522044	34.932149	0.816851	0.032753	1.8
205	-0.459715	35.929204	0.802545	0.048189	1.7
206	-0.515106	35.168220	0.813418	0.064894	2.0
207	-0.438757	34.406845	0.824595	0.019792	1.8
208	-0.507450	35.404510	0.810010	0.034581	2.1
209	-0.476462	34.667312	0.820737	0.022183	1.6
210	-0.488759	34.867720	0.817793	0.030623	1.6
211	-0.483472	35.845288	0.803729	0.019084	1.8
212	-0.513143	35.150911	0.813668	0.042352	1.9
213	-0.458043	34.394240	0.824783	0.055917	1.8
214	-0.489938	35.394110	0.810159	0.044595	1.9
215	-0.518947	34.632733	0.821247	0.017200	1.8
216	-0.462387	34.054594	0.829871	0.028712	1.9
217	-0.492579	33.579369	0.837097	0.052149	1.9
218	-0.429542	34.179334	0.827995	0.023945	1.7
219	-0.442740	35.178868	0.813263	0.027906	1.8
220	-0.456083	35.953878	0.802197	0.038474	2.0
221	-0.436558	36.950107	0.788406	0.019139	1.6
222	-0.459892	37.944459	0.775106	0.019377	1.6
223	-0.536373	38.552289	0.767195	0.020139	1.8
224	-0.493468	39.439148	0.755938	0.032837	1.8
225	-0.442273	40.426154	0.743791	0.029625	1.9
226	-0.450052	41.035298	0.736487	0.008390	1.8
227	-0.434948	41.476164	0.731290	0.024114	2.0
228	-0.480420	41.778689	0.727766	0.031407	1.7
229	-0.413555	42.762799	0.716534	0.054694	1.8
230	-0.438494	42.001426	0.725193	0.029493	2.0
231	-0.492254	43.001393	0.713863	0.032689	2.0
232	-0.497476	42.875380	0.715271	0.045751	3.0
233	-0.444986	43.875357	0.704246	0.035760	2.7
234	-0.445156	44.805003	0.694297	0.025337	2.1
235	-0.526685	44.048267	0.702374	0.048852	1.9
236	-0.508238	45.047955	0.691743	0.035826	2.3
237	-0.472360	46.047929	0.681426	0.039111	2.2
238	-0.518192	45.287435	0.689244	0.020780	2.0
239	-0.465229	44.982246	0.692432	0.031056	1.8
240	-0.462107	45.789724	0.684061	0.012129	1.9
241	-0.458359	45.180515	0.690358	0.020539	1.7
242	-0.481943	45.159357	0.690578	0.031873	13.9
243	-0.445990	44.463379	0.697920	0.012115	3.0
244	-0.498001	45.259420	0.689535	0.021716	2.6
245	-0.455668	44.754070	0.694835	0.013791	5.6
246	-0.475425	44.697639	0.695432	0.035227	2.6
247	-0.463432	45.601791	0.685991	0.030125	2.6
248	-0.467256	44.846816	0.693856	0.041479	2.4
249	-0.437044	45.838716	0.683559	0.011683	2.1
250	-0.478417	46.054076	0.681364	0.028151	2.1
251	-0.435392	46.607063	0.675791	0.020265	2.1
252	-0.530227	47.196394	0.669951	0.025070	2.3
253	-0.442557	48.021408	0.661943	0.017346	2.0
254	-0.463274	47.498755	0.666993	0.024447	2.4
255	-0.469098	47.994845	0.662198	0.033092	2.5
256	-0.439957	48.859044	0.654006	0.023024	2.2
257	-0.524516	49.726539	0.645984	0.044114	2.4
258	-0.476590	50.724262	0.636998	0.022015	2.2
259	-0.483126	50.024442	0.643275	0.012679	2.2
260	-0.461000	50.816447	0.636180	0.033765	2.2
261	-0.465658	50.835544	0.636011	0.079133	2.4
262	-0.483179	51.835543	0.627279	0.071183	2.3
263	-0.504099	51.074166	0.633906	0.007607	2.3
264	-0.474910	51.843219	0.627213	0.022596	2.3
265	-0.484694	52.074501	0.625228	0.018022	2.5
266	-0.456248	51.718302	0.628291	0.032357	2.2
267	-0.475489	52.270725	0.623554	0.030117	2.3
268	-0.560759	51.511137	0.630086	0.018885	2.3
269	-0.474594	52.475275	0.621818	0.065960	2.2
270	-0.515599	51.828625	0.627339	0.038847	2.3
271	-0.499917	52.828477	0.618843	0.016944	2.4
272	-0.443565	53.737618	0.611315	0.038939	2.3
273	-0.431104	54.607918	0.604278	0.053436	2.3
274	-0.489172	55.595794	0.596485	0.063475	2.3
275	-0.450692	54.834417	0.602473	0.003985	2.2
276	-0.526914	54.233338	0.607287	0.030295	2.3
277	-0.505150	53.936340	0.609694	0.027874	2.3
278	-0.431734	54.928852	0.601724	0.023906	2.3
279	-0.448496	55.873341	0.594331	0.030629	2.2
280	-0.502535	56.371665	0.590503	0.042496	2.1
281	-0.535461	56.081117	0.592729	0.004219	2.3
282	-0.431323	55.672612	0.595887	0.044782	2.1
283	-0.512154	56.011384	0.593266	0.018528	2.0
284	-0.451518	56.927335	0.586293	0.027324	1.7
285	-0.509393	57.175962	0.584428	0.033236	1.8
286	-0.453992	56.415495	0.590169	0.019075	2.5
287	-0.519268	55.662853	0.595963	0.032653	2.2
288	-0.480464	56.365602	0.590550	0.029298	2.3
289	-0.434482	55.618602	0.596307	0.048845	1.6
290	-0.514410	56.351003	0.590661	0.010039	1.6
291	-0.496667	57.296143	0.583531	0.039175	1.7
292	-0.551365	58.094628	0.577640	0.023696	1.6
293	-0.470458	59.093439	0.570436	0.019915	2.9
294	-0.469055	59.755703	0.565758	0.063475	1.8
295	-0.502302	59.202150	0.569663	0.027137	1.6
296	-0.419753	58.440808	0.575123	0.024068	1.5
297	-0.458050	59.327667	0.568773	0.049707	1.9
298	-0.448414	59.021771	0.570947	0.014788	1.8
299	-0.492351	59.793156	0.565496	0.028832	1.8
300	-0.566943	60.449270	0.560941	0.017897	1.6
301	-0.503039	59.712659	0.566060	0.067690	1.9
302	-0.502809	58.951512	0.571449	0.043703	2.3
303	-0.485669	58.786549	0.572631	0.064997	1.8
304	-0.413727	58.222441	0.576708	0.031551	1.8
305	-0.519186	58.911739	0.571734	0.021534	1.7
306	-0.447938	58.219670	0.576728	0.033817	1.9
307	-0.427596	58.291758	0.576204	0.045380	1.9
308	-0.479488	59.283221	0.569088	0.036043	1.9
309	-0.501638	60.267804	0.562193	0.086362	1.8
310	-0.516645	61.267803	0.555360	0.023346	1.9
311	-0.479198	62.267803	0.548690	0.017039	1.6
312	-0.450640	63.143040	0.542983	0.027187	1.8
313	-0.471098	63.372225	0.541508	0.012144	1.6
314	-0.450110	64.132064	0.536675	0.009782	1.8
315	-0.441053	64.253243	0.535912	0.004666	1.8
316	-0.465529	64.371521	0.535169	0.033392	1.7
317	-0.441057	64.162194	0.536485	0.051805	1.6
318	-0.445253	65.161006	0.530266	0.033103	1.9
319	-0.541951	66.001771	0.525141	0.038012	1.8
320	-0.383812	67.000715	0.519180	0.053440	2.0
321	-0.455109	68.000714	0.513347	0.033445	2.1
322	-0.479298	69.000279	0.507645	0.036034	1.8
323	-0.502823	68.965694	0.507840	0.064034	1.8
324	-0.435397	69.964988	0.502262	0.008026	1.8
325	-0.491331	69.260547	0.506182	0.045097	1.8
326	-0.441504	69.599107	0.504290	0.014557	1.8
327	-0.491044	68.932596	0.508027	0.027685	1.9
328	-0.504231	69.330665	0.505789	0.014955	1.6
329	-0.433450	69.072722	0.507237	0.036480	2.0
330	-0.526016	68.340977	0.511392	0.073968	2.2
331	-0.473580	67.579771	0.515786	0.033678	1.7
332	-0.476869	66.818394	0.520258	0.023361	2.0
333	-0.488491	67.783186	0.514604	0.046566	1.7
334	-0.504291	68.782530	0.508877	0.013351	1.9
335	-0.458685	69.026857	0.507495	0.026720	1.7
336	-0.425568	68.452407	0.510755	0.035020	1.8
337	-0.447882	69.446192	0.505143	0.011873	2.2
338	-0.557030	70.212143	0.500901	0.009674	2.2
339	-0.411691	70.439496	0.499655	0.039095	2.9
340	-0.456223	69.811493	0.503111	0.046766	4.5
341	-0.463952	69.114898	0.507000	0.022064	2.2
342	-0.500093	69.206625	0.506484	0.033416	2.3
343	-0.493667	68.629902	0.509743	0.049325	2.4
344	-0.474532	67.868539	0.514110	0.033167	2.3
345	-0.480677	68.865107	0.508409	0.020235	2.2
346	-0.476173	68.434177	0.510859	0.022430	2.3
347	-0.432883	67.740566	0.514852	0.007078	2.8
348	-0.474742	68.052346	0.513049	0.018040	2.0
349	-0.431281	67.837422	0.514290	0.025649	2.1
350	-0.462341	67.123041	0.518459	0.027809	2.1
351	-0.423207	68.114471	0.512691	0.010391	2.1
352	-0.463410	68.297784	0.511639	0.031718	2.3
353	-0.472805	67.673895	0.515239	0.025765	6.5
354	-0.493533	68.670035	0.509515	0.017968	2.1
355	-0.476522	68.508367	0.510435	0.046597	2.0
356	-0.496352	67.840613	0.514272	0.037688	2.1
357	-0.498730	67.935867	0.513721	0.020226	2.2
358	-0.535115	68.741385	0.509110	0.028579	2.1
359	-0.552377	69.367402	0.505583	0.010526	2.3
360	-0.496406	69.031976	0.507467	0.011700	2.2
361	-0.438290	69.328858	0.505799	0.033710	2.3
362	-0.517076	69.414133	0.505322	0.013948	2.1
363	-0.432422	69.920842	0.502505	0.023187	2.0
364	-0.456953	70.770619	0.497852	0.041544	2.3
365	-0.494788	71.751999	0.492585	0.034814	2.1
366	-0.404190	70.994466	0.496641	0.017725	2.2
367	-0.478628	71.132787	0.495895	0.025289	2.3
368	-0.456762	71.790662	0.492380	0.033014	2.3
369	-0.441108	71.490069	0.493980	0.045810	2.5
370	-0.469646	71.816691	0.492241	0.016172	3.4
371	-0.515566	72.046431	0.491026	0.031884	2.7
372	-0.464129	72.022688	0.491151	0.024787	2.8
373	-0.428283	71.368515	0.494630	0.036566	2.2
374	-0.460281	70.611283	0.498718	0.043308	2.3
375	-0.527170	69.849937	0.502898	0.032199	2.3
376	-0.489942	69.088574	0.507148	0.030756	2.3
377	-0.475780	68.457661	0.510725	0.039561	2.1
378	-0.494608	69.450060	0.505121	0.015825	2.3
379	-0.451644	68.989334	0.507707	0.017424	2.3
380	-0.486791	68.553036	0.510181	0.021467	2.7
381	-0.496515	67.873085	0.514084	0.070148	2.8
382	-0.490179	67.112112	0.518524	0.045011	2.1
383	-0.471273	68.112112	0.512705	0.013060	2.3
384	-0.483594	67.388168	0.516904	0.028312	2.6
385	-0.461007	66.909023	0.519722	0.028499	2.7
386	-0.502619	66.244719	0.523679	0.018346	2.3
387	-0.460485	65.523712	0.528043	0.029957	2.1
388	-0.501488	65.072944	0.530808	0.046569	2.1
389	-0.542411	65.092388	0.530688	0.037696	2.1
390	-0.487119	66.005431	0.525119	0.033412	2.0
391	-0.485261	67.005197	0.519154	0.026382	2.3
392	-0.540268	66.244801	0.523678	0.034903	2.1
393	-0.461643	66.316901	0.523246	0.033980	2.0
394	-0.498002	65.561469	0.527812	0.026898	2.2
395	-0.527529	65.118420	0.530528	0.027571	2.2
396	-0.437555	66.104902	0.524520	0.026112	2.2
397	-0.520588	67.098817	0.518602	0.026623	2.4
398	-0.424450	66.536323	0.521934	0.031447	2.1
399	-0.454748	67.529755	0.516078	0.034011	2.1
400	-0.437275	66.768750	0.520552	0.008553	2.0
401	-0.454657	66.231586	0.523758	0.017698	2.1
402	-0.478874	66.151351	0.524240	0.046447	2.2
403	-0.461286	66.119510	0.524432	0.014599	2.2
404	-0.471692	65.955952	0.525418	0.034953	2.3
405	-0.418569	66.667508	0.521153	0.070141	2.2
406	-0.477312	65.906131	0.525719	0.020743	2.3
407	-0.480289	65.145183	0.530363	0.009962	2.2
408	-0.443791	65.678959	0.527097	0.042035	2.2
409	-0.494112	64.979158	0.531387	0.031495	2.2
410	-0.457728	65.965069	0.525363	0.018451	2.3
411	-0.505880	65.539703	0.527945	0.052271	2.2
412	-0.500912	66.450543	0.522446	0.016212	2.3
413	-0.425985	66.591859	0.521604	0.034155	2.1
414	-0.494603	66.165697	0.524154	0.014686	2.2
415	-0.475121	65.806750	0.526321	0.025212	2.3
416	-0.455536	65.240140	0.529779	0.026978	2.4
417	-0.510765	65.970097	0.525333	0.019795	2.4
418	-0.456989	66.030762	0.524966	0.012259	2.6
419	-0.465548	65.789350	0.526427	0.036455	3.1
420	-0.495430	65.868820	0.525945	0.008111	2.3
421	-0.457050	65.884015	0.525853	0.014193	2.5
422	-0.430519	66.021957	0.525019	0.020326	2.5
423	-0.485801	66.595146	0.521584	0.015956	5.4
424	-0.454681	65.952811	0.525437	0.013236	3.1
425	-0.465379	66.353656	0.523026	0.008665	3.0
426	-0.465266	66.660387	0.521196	0.025025	2.9
427	-0.437595	66.328685	0.523175	0.012509	2.6
428	-0.491319	66.882586	0.519878	0.046991	3.2
429	-0.516595	67.778211	0.514633	0.020567	2.7
430	-0.521843	68.515922	0.510392	0.014784	3.2
431	-0.486741	68.020015	0.513235	0.006857	2.8
432	-0.451537	68.129667	0.512604	0.041591	7.2
433	-0.438234	68.753571	0.509041	0.040569	2.3
434	-0.551420	67.992306	0.513395	0.032852	2.4
435	-0.536132	68.991971	0.507692	0.042907	2.9
436	-0.415202	69.991941	0.502113	0.021884	2.1
437	-0.482332	70.770679	0.497852	0.036078	2.4
438	-0.489897	70.555809	0.499020	0.053585	2.9
439	-0.408240	69.794434	0.503205	0.019423	2.6
440	-0.516728	70.793921	0.497726	0.022251	2.7
441	-0.480598	71.011745	0.496548	0.029568	2.4
442	-0.498674	71.688153	0.492924	0.050387	2.4
443	-0.442350	70.934722	0.496964	0.011614	2.6
444	-0.421716	70.332269	0.500242	0.020330	2.9
445	-0.484425	69.971404	0.502226	0.048959	2.6
446	-0.435811	69.214006	0.506443	0.029987	2.4
447	-0.446839	68.466917	0.510672	0.028339	2.4
448	-0.488814	69.291193	0.506010	0.028512	2.5
449	-0.415700	70.145803	0.501265	0.064863	2.7
450	-0.505004	71.142872	0.495841	0.013566	2.8
451	-0.426627	72.055201	0.490980	0.033045	2.3
452	-0.464151	71.497899	0.493938	0.017814	2.1
453	-0.452744	72.244746	0.489982	0.036353	2.3
454	-0.461083	73.195624	0.485035	0.017862	2.2
455	-0.492983	72.446128	0.488926	0.046049	2.3
456	-0.493338	72.140682	0.490529	0.032555	2.4
457	-0.528201	71.379324	0.494572	0.041913	2.3
458	-0.505622	70.628173	0.498626	0.057509	2.2
459	-0.513544	69.866796	0.502804	0.074933	3.2
460	-0.464135	69.120874	0.506966	0.020330	2.9
461	-0.454202	68.360825	0.511278	0.020888	2.3
462	-0.480053	67.822686	0.514376	0.059578	2.2
463	-0.470658	68.822580	0.508650	0.031255	2.7
464	-0.450513	68.062416	0.512991	0.017298	2.3
465	-0.464368	67.400330	0.516833	0.022662	2.1
466	-0.517983	66.787486	0.520441	0.025846	2.1
467	-0.448994	66.049607	0.524853	0.027201	2.2
468	-0.472659	65.309132	0.529356	0.027533	2.2
469	-0.499960	64.553809	0.534029	0.033870	2.3
470	-0.489564	65.533887	0.527981	0.018516	2.4
471	-0.438140	66.069636	0.524732	0.057256	2.2
472	-0.464654	66.103623	0.524527	0.028338	2.2
473	-0.420482	65.342272	0.529152	0.005481	2.1
474	-0.462034	65.580945	0.527694	0.038516	2.3
475	-0.567292	65.770619	0.526540	0.019739	2.2
476	-0.429347	66.663881	0.521175	0.037058	2.4
477	-0.464423	65.911213	0.525688	0.056974	2.2
478	-0.512180	66.911101	0.519709	0.012538	2.2
479	-0.450870	66.274483	0.523500	0.065795	2.1
480	-0.443892	67.271351	0.517588	0.030613	2.1
481	-0.471614	66.510071	0.522091	0.011291	2.5
482	-0.483091	65.831875	0.526169	0.010447	2.8
483	-0.538039	66.224240	0.523802	0.024991	2.0
484	-0.352183	66.287521	0.523422	0.016117	2.6
485	-0.463901	67.203067	0.517989	0.038646	4.6
486	-0.456682	67.472087	0.516414	0.019238	2.5
487	-0.514927	67.479633	0.516370	0.022526	9.3
488	-0.466378	67.041671	0.518939	0.036692	4.9
489	-0.477486	68.033304	0.513159	0.030574	2.4
490	-0.476265	68.880998	0.508319	0.042617	13.9
491	-0.425609	69.811051	0.503113	0.031147	2.4
492	-0.486360	69.050448	0.507363	0.017217	2.6
493	-0.473840	69.415279	0.505315	0.025556	3.8
494	-0.446901	69.907492	0.502579	0.022048	2.5
495	-0.490372	70.835217	0.497502	0.031818	2.1
496	-0.437260	71.499704	0.493928	0.045803	2.3
497	-0.445067	72.499465	0.488647	0.066393	2.3
498	-0.448924	73.499465	0.483476	0.063224	2.1
499	-0.476700	74.499465	0.478413	0.015833	3.1
500	-0.440292	75.097370	0.475437	0.015101	2.2
501	-0.472619	74.549212	0.478164	0.018280	2.1
502	-0.474967	75.126131	0.475294	0.043569	2.2
503	-0.481184	76.095116	0.470551	0.047912	2.1
504	-0.469654	77.092394	0.465767	0.057941	2.2
505	-0.473621	78.092394	0.461067	0.003573	2.2
506	-0.480552	77.612911	0.463309	0.010792	2.2
507	-0.436771	77.617029	0.463289	0.057538	2.2
508	-0.475219	78.240519	0.460379	0.036111	2.2
509	-0.471211	79.240516	0.455786	0.030799	2.5
510	-0.469183	80.238319	0.451294	0.018297	2.4
511	-0.457241	79.515135	0.454541	0.013251	2.2
512	-0.428328	79.705452	0.453682	0.008827	3.1
513	-0.489118	79.875314	0.452918	0.018485	3.5
514	-0.522573	79.764032	0.453418	0.025267	3.6
515	-0.472198	80.394545	0.450598	0.040563	2.2
516	-0.509463	81.390587	0.446215	0.046077	2.1
517	-0.461113	81.106523	0.447456	0.015575	2.2
518	-0.492662	81.914623	0.443943	0.023810	2.3
519	-0.515974	82.755213	0.440346	0.029939	2.2
520	-0.499197	81.999047	0.443579	0.022309	2.3
521	-0.466057	82.042628	0.443391	0.032173	2.2
522	-0.407125	82.973824	0.439420	0.039481	2.2
523	-0.542745	83.970564	0.435248	0.022653	2.1
524	-0.476660	83.213365	0.438410	0.041976	2.2
525	-0.462806	84.202691	0.434288	0.006305	2.4
526	-0.504122	83.773993	0.436065	0.038977	2.1
527	-0.493030	83.383739	0.437695	0.031453	2.2
528	-0.456454	84.093792	0.434738	0.035043	3.0
529	-0.455529	83.332613	0.437909	0.041524	1.9
530	-0.477043	82.571275	0.441128	0.010304	1.7
531	-0.442304	82.180799	0.442798	0.009862	1.9
532	-0.473881	82.044096	0.443385	0.044415	2.7
533	-0.482210	82.400478	0.441857	0.010964	3.7
534	-0.536076	82.326194	0.442175	0.027685	2.7
535	-0.440036	81.878493	0.444099	0.051341	20.8
536	-0.510455	81.117324	0.447409	0.018334	6.1
537	-0.446369	80.973727	0.448039	0.041596	3.1
538	-0.389224	81.520488	0.445650	0.029214	3.5
539	-0.530730	82.520003	0.441347	0.041652	2.8
540	-0.492323	83.475404	0.437311	0.035255	3.3
541	-0.451437	82.726152	0.440470	0.020985	2.6
542	-0.423700	82.644790	0.440815	0.024681	2.3
543	-0.481232	82.357943	0.442039	0.028434	2.4
544	-0.466180	81.603509	0.445289	0.013205	2.4
545	-0.413232	81.251387	0.446823	0.033307	2.2
546	-0.470915	81.224639	0.446939	0.015760	1.9
547	-0.462896	82.109079	0.443106	0.028526	2.1
548	-0.542377	81.748628	0.444660	0.019081	1.9
549	-0.519429	82.003413	0.443560	0.031325	2.1
550	-0.496180	82.828596	0.440035	0.020001	1.9
551	-0.484705	82.674737	0.440688	0.042649	2.2
552	-0.438583	83.424578	0.437524	0.025720	1.8
553	-0.444295	82.665123	0.440729	0.018268	2.2
554	-0.522375	81.954005	0.443773	0.047361	1.8
555	-0.466550	81.970121	0.443704	0.029112	1.7
556	-0.513296	82.969998	0.439437	0.039523	1.8
557	-0.514053	83.964031	0.435275	0.024122	1.8
558	-0.471572	83.402185	0.437617	0.023387	1.9
559	-0.460183	82.657265	0.440762	0.026973	1.7
560	-0.450715	81.907712	0.443973	0.047821	1.6
561	-0.453836	82.904206	0.439715	0.027080	1.7
562	-0.456548	82.647309	0.440805	0.013442	2.2
563	-0.429310	82.266473	0.442430	0.033653	2.6
564	-0.453505	81.748067	0.444663	0.022802	2.2
565	-0.470451	81.083884	0.447556	0.042167	1.9
566	-0.453072	80.325254	0.450907	0.026004	2.0
567	-0.514633	79.612912	0.454099	0.036019	2.2
568	-0.394931	79.573650	0.454276	0.014254	2.1
569	-0.456434	78.846661	0.457584	0.018637	2.3
570	-0.507531	79.283519	0.455591	0.018274	2.9
571	-0.416368	79.892391	0.452841	0.032073	3.0
572	-0.557168	79.211085	0.455920	0.023833	2.5
573	-0.424139	79.181888	0.456053	0.041973	2.2
574	-0.507357	80.179075	0.451558	0.030274	2.1
575	-0.448264	79.420632	0.454968	0.038139	3.0
576	-0.496958	80.414154	0.450511	0.046063	2.5
577	-0.544274	79.652777	0.453919	0.043954	2.1
578	-0.481711	80.652777	0.449454	0.035360	2.3
579	-0.424080	79.893258	0.452837	0.034874	2.3
580	-0.436846	79.132098	0.456279	0.046282	2.3
581	-0.442182	80.132087	0.451768	0.048160	2.0
582	-0.496516	79.371244	0.455192	0.019920	2.4
583	-0.500203	78.611279	0.458665	0.062646	2.2
584	-0.437691	78.010032	0.461450	0.029264	2.2
585	-0.500145	77.278478	0.464885	0.024633	2.2
586	-0.453800	77.657705	0.463098	0.026407	2.2
587	-0.441398	77.414187	0.464244	0.022988	2.2
588	-0.440353	78.333811	0.459946	0.024771	2.4
589	-0.491398	78.569794	0.458856	0.022336	2.1
590	-0.528522	78.727275	0.458132	0.052977	2.5
591	-0.533272	79.044415	0.456679	0.038522	2.1
592	-0.383924	78.283424	0.460180	0.011020	2.1
593	-0.460281	79.033289	0.456730	0.022396	2.3
594	-0.446258	78.439082	0.459459	0.035138	2.1
595	-0.446775	78.855067	0.457545	0.041302	2.3
596	-0.449759	79.853023	0.453018	0.049994	2.3
597	-0.502046	79.091646	0.456464	0.029264	2.4
598	-0.518608	78.337716	0.459928	0.025789	2.1
599	-0.524185	77.839204	0.462248	0.019543	2.3
600	-0.474454	77.528559	0.463705	0.045755	2.2
601	-0.565369	76.837874	0.466979	0.033453	3.5
602	-0.453256	77.759794	0.462620	0.029422	3.4
603	-0.435540	78.629762	0.458580	0.032873	2.2
604	-0.456952	79.548757	0.454389	0.050790	2.1
605	-0.486462	78.789053	0.457848	0.037394	1.7
606	-0.451505	78.027677	0.461368	0.020407	2.0
607	-0.492328	78.653355	0.458471	0.042329	1.8
608	-0.512524	79.643392	0.453961	0.033820	1.8
609	-0.470781	79.761843	0.453428	0.026608	1.8
610	-0.457768	79.004624	0.456861	0.063301	2.1
611	-0.500131	78.243253	0.460366	0.050406	1.6
612	-0.467561	79.243253	0.455774	0.026367	1.9
613	-0.551655	79.435771	0.454900	0.049999	2.0
614	-0.470585	80.435583	0.450416	0.026198	1.9
615	-0.491444	79.678970	0.453801	0.038438	2.6
616	-0.473811	80.662648	0.449410	0.015120	2.5
617	-0.475095	80.086094	0.451973	0.018618	1.7
618	-0.464042	80.289132	0.451067	0.022799	2.2
619	-0.498153	80.869050	0.448500	0.030186	1.9
620	-0.490143	81.709720	0.444829	0.047542	1.5
621	-0.484568	82.689315	0.440626	0.027712	1.8
622	-0.409432	83.676040	0.436473	0.009931	1.8
623	-0.529939	83.183574	0.438536	0.018899	1.7
624	-0.452965	83.373771	0.437737	0.014457	2.1
625	-0.431701	82.751688	0.440361	0.030814	2.3
626	-0.444678	83.438705	0.437464	0.049600	2.4
627	-0.428152	82.678135	0.440674	0.023082	2.0
628	-0.488807	83.675906	0.436473	0.015887	2.3
629	-0.534818	83.006180	0.439284	0.042524	1.9
630	-0.464799	82.946185	0.439537	0.008849	1.9
631	-0.478955	83.036607	0.439155	0.020400	1.9
632	-0.541052	82.885429	0.439794	0.028734	2.3
633	-0.493671	82.241315	0.442538	0.035471	1.6
634	-0.493784	83.204977	0.438446	0.013680	1.6
635	-0.474513	84.025084	0.435022	0.036168	1.8
636	-0.496114	84.718374	0.432169	0.015334	1.6
637	-0.468989	85.301901	0.429797	0.028342	1.8
638	-0.452337	84.785944	0.431893	0.034464	2.1
639	-0.429155	85.119687	0.430535	0.031988	1.9
640	-0.473058	84.362847	0.433627	0.006898	1.5
641	-0.455514	84.279786	0.433970	0.055111	1.7
642	-0.423236	84.612319	0.432603	0.049390	2.2
643	-0.451011	85.612319	0.428545	0.024597	1.9
644	-0.410776	86.610735	0.424569	0.024605	1.9
645	-0.450442	85.945972	0.427208	0.032802	1.9
646	-0.417691	86.877080	0.423521	0.039505	1.5
647	-0.441664	86.117533	0.426524	0.011544	1.7
648	-0.527080	85.409418	0.429363	0.038667	1.7
649	-0.480107	84.834187	0.431696	0.025459	1.8
650	-0.413105	85.833124	0.427660	0.011552	2.0
651	-0.444980	85.336577	0.429657	0.027849	1.9
652	-0.467813	84.812903	0.431783	0.028719	2.0
653	-0.460402	84.057690	0.434887	0.027418	2.5
654	-0.550798	83.298800	0.438051	0.016212	2.6
655	-0.424783	82.597390	0.441017	0.039743	2.7
656	-0.441312	83.480239	0.437291	0.043648	3.8
657	-0.444141	82.718863	0.440501	0.030652	2.4
658	-0.416781	81.960332	0.443746	0.029489	2.7
659	-0.516270	82.931539	0.439599	0.021261	2.8
660	-0.490732	83.893125	0.435569	0.020484	2.6
661	-0.429079	84.549910	0.432859	0.014195	4.2
662	-0.496222	85.186271	0.430265	0.021485	3.4
663	-0.456891	84.645150	0.432469	0.033659	2.3
664	-0.450275	84.853966	0.431616	0.026185	2.3
665	-0.464718	84.093656	0.434738	0.021000	4.0
666	-0.483110	84.314544	0.433826	0.059795	3.0
667	-0.464679	85.294734	0.429826	0.019301	2.6
668	-0.537525	86.279663	0.425880	0.061530	3.4
669	-0.457393	87.279154	0.421948	0.025986	2.5
670	-0.437840	88.276952	0.418096	0.008246	3.4
671	-0.509849	88.866297	0.415853	0.036595	2.8
672	-0.461217	88.228183	0.418282	0.056598	2.8
673	-0.512532	89.228094	0.414488	0.030629	2.7
674	-0.505412	90.228071	0.410762	0.038769	3.1
675	-0.457566	89.475512	0.413560	0.020877	3.0
676	-0.458893	89.883497	0.412038	0.024111	3.0
677	-0.469581	90.806779	0.408636	0.021230	2.3
678	-0.494702	91.503114	0.406106	0.010358	2.3
679	-0.561518	91.609141	0.405724	0.022459	2.6
680	-0.532159	91.348380	0.406666	0.032118	3.2
681	-0.477729	91.786595	0.405086	0.010820	2.9
682	-0.477440	91.125485	0.407474	0.015756	2.3
683	-0.454149	91.273380	0.406937	0.020813	2.2
684	-0.493040	91.259004	0.406989	0.012178	2.2
685	-0.479201	91.244538	0.407042	0.034178	2.2
686	-0.440710	92.075025	0.404052	0.029694	2.2
687	-0.508103	91.317373	0.406778	0.029940	2.3
688	-0.449079	90.558234	0.409546	0.047519	2.3
689	-0.535027	89.824780	0.412256	0.018159	1.7
690	-0.510131	90.468005	0.409877	0.041176	2.3
691	-0.451063	91.075876	0.407654	0.021558	2.4
692	-0.437069	90.316174	0.410436	0.018025	2.6
693	-0.469868	90.952279	0.408104	0.028880	2.4
694	-0.485840	90.347386	0.410321	0.036292	2.3
695	-0.461335	89.605632	0.413073	0.017959	2.4
696	-0.488719	90.516798	0.409698	0.052237	2.4
697	-0.442920	89.898339	0.411983	0.029619	1.7
698	-0.462967	89.137058	0.414831	0.028846	2.0
699	-0.493671	88.932777	0.415601	0.032589	1.8
700	-0.483905	89.927060	0.411876	0.018408	1.9
701	-0.527290	89.188766	0.414636	0.020707	2.0
702	-0.486605	88.535676	0.417108	0.018078	2.9
703	-0.409540	89.029113	0.415238	0.031905	2.0
704	-0.435226	88.604494	0.416846	0.045871	1.7
705	-0.422255	87.843777	0.419760	0.021129	1.9
706	-0.476706	87.197115	0.422268	0.024861	1.9
707	-0.470847	88.133617	0.418645	0.020049	1.8
708	-0.463231	88.966831	0.415473	0.028594	1.8
709	-0.471833	89.380784	0.413915	0.012272	1.8
710	-0.493255	89.283722	0.414279	0.025770	2.2
711	-0.455293	88.634229	0.416733	0.012249	1.8
712	-0.472612	89.066285	0.415097	0.031925	1.7
713	-0.520220	88.747740	0.416302	0.062556	1.8
714	-0.469233	89.747167	0.412545	0.023957	1.8
715	-0.408880	90.747130	0.408854	0.020616	1.9
716	-0.461924	91.554661	0.405920	0.032320	9.0
717	-0.426721	91.263312	0.406974	0.038916	2.2
718	-0.467787	90.761015	0.408803	0.039149	2.2
719	-0.513850	90.003926	0.411591	0.027816	2.4
720	-0.514268	89.244010	0.414428	0.035959	2.0
721	-0.492907	88.678523	0.416565	0.018771	2.6
722	-0.469637	89.230247	0.414480	0.037650	3.6
723	-0.432017	90.203362	0.410853	0.007813	2.4
724	-0.493463	90.910022	0.408259	0.043933	2.6
725	-0.510792	90.335432	0.410366	0.024714	2.9
726	-0.503135	90.576268	0.409480	0.019783	2.3
727	-0.467688	89.955571	0.411770	0.018151	2.2
728	-0.461183	90.336264	0.410362	0.045462	2.1
729	-0.503046	90.177259	0.410949	0.023757	2.3
730	-0.408569	91.176844	0.407287	0.028654	2.2
731	-0.448054	90.426356	0.410031	0.041297	8.1
732	-0.472564	91.413453	0.406430	0.042801	2.3
733	-0.465755	92.411807	0.402852	0.030420	2.2
734	-0.505985	91.716476	0.405338	0.018988	1.9
735	-0.485798	91.416935	0.406418	0.043539	2.2
736	-0.386016	92.322857	0.403169	0.019368	1.9
737	-0.452796	91.946679	0.404511	0.009458	2.2
738	-0.496692	92.184044	0.403663	0.030114	2.2
739	-0.429578	92.781061	0.401545	0.018579	2.1
740	-0.433490	92.236982	0.403474	0.024857	2.4
741	-0.497530	92.742277	0.401682	0.026116	3.0
742	-0.494634	92.040432	0.404176	0.010488	2.6
743	-0.538008	91.658977	0.405544	0.038123	2.9
744	-0.522235	91.196521	0.407216	0.035844	2.6
745	-0.482386	92.195700	0.403622	0.018583	2.5
746	-0.435047	92.593988	0.402206	0.053586	2.3
747	-0.440356	93.590212	0.398710	0.056958	2.4
748	-0.476468	92.828835	0.401377	0.029302	2.2
749	-0.490545	92.118420	0.403897	0.017167	2.3
750	-0.485831	93.067985	0.400535	0.029436	2.5
751	-0.524195	94.031043	0.397182	0.035784	2.3
752	-0.490081	93.308489	0.399692	0.028771	2.3
753	-0.400413	92.549041	0.402366	0.026532	2.3
754	-0.452965	93.472189	0.399121	0.028727	2.3
755	-0.522806	92.723243	0.401749	0.033743	2.2
756	-0.471513	93.719381	0.398261	0.046810	2.2
757	-0.522993	94.716108	0.394830	0.022499	2.5
758	-0.459222	95.714360	0.391453	0.026200	2.3
759	-0.516256	94.975254	0.393948	0.030857	2.2
760	-0.429945	94.230599	0.396494	0.040294	2.2
761	-0.495746	93.469449	0.399130	0.061943	2.2
762	-0.424059	92.708072	0.401803	0.006967	2.3
763	-0.422155	93.280736	0.399789	0.030822	2.5
764	-0.475603	93.434326	0.399253	0.014513	2.1
765	-0.510316	92.834584	0.401356	0.045342	2.1
766	-0.459683	92.612688	0.402140	0.044011	2.2
767	-0.529184	93.607626	0.398649	0.027708	2.6
768	-0.495442	92.882251	0.401188	0.025905	2.3
769	-0.455213	93.851777	0.397802	0.032766	2.2
770	-0.470631	93.140856	0.400279	0.021898	2.2
771	-0.497261	92.401571	0.402889	0.024923	2.5
772	-0.491732	93.356564	0.399524	0.024594	2.3
773	-0.492141	94.310185	0.396220	0.032334	2.3
774	-0.532137	93.552408	0.398841	0.028668	2.3
775	-0.474865	92.981394	0.400839	0.023931	2.2
776	-0.529304	92.226878	0.403510	0.039886	2.1
777	-0.471520	93.225343	0.399983	0.023173	2.0
778	-0.539194	92.565946	0.402306	0.040543	1.5
779	-0.495521	93.451567	0.399193	0.034326	1.6
780	-0.431614	94.437046	0.395785	0.018323	1.8
781	-0.505279	95.382559	0.392569	0.036998	1.5
782	-0.504916	95.630789	0.391734	0.018145	1.8
783	-0.480994	94.930122	0.394101	0.024002	1.8
784	-0.444811	95.857975	0.390972	0.046748	2.2
785	-0.450353	95.096783	0.393536	0.015751	2.3
786	-0.486651	94.373613	0.396002	0.026507	2.1
787	-0.484483	95.197110	0.393196	0.019218	1.7
788	-0.540397	94.501287	0.395565	0.042234	1.9
789	-0.504641	95.188620	0.393225	0.040761	1.9
790	-0.523905	96.188560	0.389869	0.020689	1.7
791	-0.514225	96.393187	0.389190	0.025560	10.2
792	-0.456827	95.663037	0.391626	0.018064	2.0
793	-0.431709	95.366242	0.392624	0.035123	1.8
794	-0.531494	96.293775	0.389520	0.009311	1.9
795	-0.518663	96.630355	0.388405	0.062127	2.1
796	-0.565823	97.506543	0.385533	0.047404	2.0
797	-0.482397	96.745166	0.388026	0.012218	1.8
798	-0.486819	96.458275	0.388974	0.023698	1.9
799	-0.473976	96.101345	0.390160	0.041811	2.0
800	-0.486896	97.093837	0.386881	0.029394	2.0
801	-0.485666	96.334402	0.389385	0.026369	2.2
802	-0.429134	95.973989	0.390584	0.020979	2.1
803	-0.470904	95.234544	0.393069	0.028601	2.0
804	-0.493926	96.157056	0.389974	0.026089	3.2
805	-0.488057	96.295328	0.389514	0.041542	2.2
806	-0.492302	97.292533	0.386231	0.059885	2.0
807	-0.459355	98.292531	0.382993	0.027830	1.9
808	-0.533765	99.292526	0.379809	0.006893	2.1
809	-0.588422	99.532404	0.379053	0.017350	1.6
810	-0.505534	99.174472	0.380182	0.038022	3.5
811	-0.446753	100.162469	0.377082	0.004140	1.9
812	-0.448036	100.590647	0.375754	0.022253	2.0
813	-0.485812	100.810987	0.375075	0.033268	1.9
814	-0.459531	100.074310	0.377357	0.020747	2.0
815	-0.469398	100.210955	0.376931	0.032779	2.0
816	-0.441838	99.799789	0.378214	0.031500	1.9
817	-0.486335	99.753552	0.378359	0.033406	1.9
818	-0.498195	98.997154	0.380744	0.032343	1.8
819	-0.513546	98.370652	0.382742	0.062677	1.9
820	-0.516029	97.609274	0.385199	0.050333	1.8
821	-0.521787	98.609230	0.381979	0.045811	1.7
822	-0.470939	97.847853	0.384426	0.022172	2.0
823	-0.490177	98.846838	0.381222	0.031675	2.4
824	-0.437814	98.099895	0.383613	0.053171	1.9
825	-0.493737	99.099893	0.380418	0.016181	2.2
826	-0.501865	99.235742	0.379989	0.017666	2.2
827	-0.503215	99.367736	0.379572	0.033702	2.2
828	-0.504090	99.940579	0.377774	0.031937	2.7
829	-0.481578	99.192873	0.380124	0.026656	3.3
830	-0.412546	100.190089	0.376996	0.008848	2.3
831	-0.551345	99.922984	0.377829	0.036786	2.6
832	-0.495377	99.846690	0.378068	0.054912	2.8
833	-0.404417	99.085315	0.380465	0.048565	2.3
834	-0.477911	100.085315	0.377323	0.042508	2.2
835	-0.498526	101.085308	0.374232	0.025980	2.2
836	-0.493385	102.079124	0.371210	0.050384	2.2
837	-0.463388	101.344474	0.373439	0.012516	2.1
838	-0.526214	102.291412	0.370571	0.031601	2.2
839	-0.411977	103.182894	0.367911	0.037629	2.2
840	-0.483147	104.182447	0.364973	0.012930	2.5
841	-0.460285	104.256046	0.364759	0.019099	4.1
842	-0.426392	104.614852	0.363717	0.002800	2.1
843	-0.456335	104.628294	0.363678	0.011278	2.1
844	-0.493205	104.549360	0.363906	0.014154	2.1
845	-0.495420	104.633764	0.363662	0.023542	2.3
846	-0.569745	105.015816	0.362559	0.020151	2.2
847	-0.415469	104.353902	0.364474	0.044830	2.4
848	-0.519726	105.093793	0.362335	0.030427	2.2
849	-0.496058	106.093593	0.359485	0.034826	2.3
850	-0.505327	105.339828	0.361630	0.033198	2.2
851	-0.468642	106.335891	0.358801	0.018979	2.5
852	-0.559684	107.321675	0.356044	0.030656	2.4
853	-0.524362	106.638112	0.357951	0.028354	2.3
854	-0.437643	107.634554	0.355178	0.007562	2.1
855	-0.458558	107.997605	0.354179	0.020548	2.4
856	-0.433275	107.772275	0.354799	0.028368	2.3
857	-0.512111	108.748173	0.352130	0.040158	2.4
858	-0.473348	108.084170	0.353941	0.045281	2.2
859	-0.474145	107.323418	0.356040	0.046376	2.2
860	-0.457534	106.618081	0.358007	0.025424	2.2
861	-0.456086	107.585439	0.355314	0.017171	2.2
862	-0.476439	107.958469	0.354286	0.020678	2.2
863	-0.426543	108.605397	0.352518	0.037236	2.2
864	-0.461219	107.854304	0.354573	0.012024	1.8
865	-0.454310	108.217745	0.353575	0.034110	1.8
866	-0.469452	109.122304	0.351118	0.027014	1.6
867	-0.489729	110.115104	0.348459	0.040427	1.6
868	-0.462757	111.114257	0.345824	0.022792	1.8
869	-0.448379	110.356394	0.347819	0.060959	1.7
870	-0.424969	111.352847	0.345200	0.020838	1.5
871	-0.440515	112.351068	0.342616	0.022914	6.4
872	-0.439308	113.303890	0.340185	0.045039	2.3
873	-0.439861	112.572344	0.342049	0.033928	1.9
874	-0.489194	113.557739	0.339544	0.060249	2.1
875	-0.472404	112.796364	0.341476	0.041849	1.8
876	-0.471625	113.796364	0.338943	0.032471	1.8
877	-0.536275	113.037271	0.340862	0.030697	1.8
878	-0.460569	112.278255	0.342803	0.022460	2.3
879	-0.512707	111.532878	0.344731	0.014079	2.4
880	-0.471757	112.263576	0.342841	0.059326	1.7
881	-0.473367	113.007983	0.340937	0.031978	1.9
882	-0.528119	114.006372	0.338415	0.023629	2.0
883	-0.499575	113.530052	0.339613	0.039742	1.9
884	-0.495056	114.525923	0.337118	0.027723	1.9
885	-0.414984	113.876835	0.338740	0.019208	1.8
886	-0.524912	114.797691	0.336443	0.015537	1.6
887	-0.482861	115.272143	0.335272	0.041131	2.1
888	-0.432727	115.900273	0.333734	0.034724	2.1
889	-0.397127	116.884772	0.331351	0.036929	1.8
890	-0.482939	117.882702	0.328970	0.045552	1.9
891	-0.462379	117.122287	0.330781	0.026524	2.0
892	-0.445104	116.361053	0.332614	0.010664	2.1
893	-0.456912	115.918548	0.333689	0.023368	1.9
894	-0.502866	115.342584	0.335099	0.008586	1.8
895	-0.536868	115.829913	0.333905	0.031749	1.8
896	-0.467964	115.201726	0.335445	0.038813	1.7
897	-0.541280	116.201236	0.333002	0.023952	1.7
898	-0.489081	115.510457	0.334687	0.008909	1.6
899	-0.488959	115.267207	0.335284	0.027746	1.6
900	-0.457871	115.966970	0.333571	0.041651	1.9
901	-0.527266	115.205755	0.335435	0.037602	1.9
902	-0.476447	115.943242	0.333629	0.012579	1.9
903	-0.475511	116.567512	0.332115	0.031276	1.9
904	-0.436440	116.070996	0.333318	0.018189	1.9
905	-0.458147	115.336169	0.335114	0.035699	2.0
906	-0.460764	116.187066	0.333036	0.023985	1.9
907	-0.501652	117.177905	0.330648	0.020281	1.7
908	-0.455473	117.482612	0.329920	0.030640	2.1
909	-0.485471	118.112870	0.328426	0.034784	2.0
910	-0.521111	117.353148	0.330229	0.024986	1.7
911	-0.457363	116.595963	0.332046	0.019301	1.9
912	-0.486714	116.633106	0.331957	0.046310	1.8
913	-0.506472	115.940620	0.333635	0.017776	1.7
914	-0.499188	115.286068	0.335238	0.027345	1.8
915	-0.443304	116.105535	0.333234	0.014699	2.1
916	-0.411548	115.886402	0.333767	0.037187	2.2
917	-0.491438	115.198058	0.335454	0.016517	2.1
918	-0.527250	115.979695	0.333540	0.024037	2.2
919	-0.497640	115.878047	0.333788	0.020155	1.9
920	-0.449401	116.380003	0.332568	0.026268	2.2
921	-0.479940	116.367619	0.332598	0.049286	2.3
922	-0.431736	117.367519	0.330195	0.032561	2.6
923	-0.510515	116.618432	0.331992	0.034807	3.3
924	-0.479027	115.869994	0.333807	0.028031	3.0
925	-0.500362	116.867555	0.331392	0.056601	2.3
926	-0.470371	116.361873	0.332612	0.043384	1.9
927	-0.455857	117.361873	0.330208	0.018134	2.3
928	-0.484817	116.611207	0.332009	0.028582	2.3
929	-0.476139	115.882914	0.333776	0.015624	2.2
930	-0.514667	116.394628	0.332533	0.039527	2.6
931	-0.454374	115.685290	0.334259	0.029377	3.1
932	-0.466720	116.685037	0.331831	0.016058	2.3
933	-0.495491	116.158068	0.333106	0.024218	2.2
934	-0.498401	116.977890	0.331127	0.029649	2.5
935	-0.492438	116.414734	0.332484	0.024815	1.7
936	-0.465513	115.723457	0.334165	0.042648	2.2
937	-0.527416	116.722644	0.331741	0.052780	2.4
938	-0.504521	117.721841	0.329351	0.060411	2.3
939	-0.464285	118.721392	0.326995	0.030180	2.1
940	-0.486126	119.721357	0.324672	0.037693	2.0
941	-0.492834	120.718213	0.322388	0.011688	2.2
942	-0.471069	121.395038	0.320855	0.029656	2.3
943	-0.520993	121.068338	0.321593	0.026569	2.1
944	-0.484895	120.680607	0.322473	0.047198	2.7
945	-0.444151	119.919395	0.324215	0.027625	2.0
946	-0.480642	120.913792	0.321943	0.009699	2.0
947	-0.432385	120.304525	0.323332	0.020846	2.3
948	-0.476764	120.031210	0.323958	0.034951	2.2
949	-0.473016	120.987005	0.321777	0.026405	1.9
950	-0.458252	120.227940	0.323507	0.040472	2.1
951	-0.469055	119.689505	0.324745	0.027738	2.2
952	-0.531806	118.929040	0.326510	0.015816	2.1
953	-0.457719	118.243303	0.328118	0.013119	2.3
954	-0.553463	118.094379	0.328469	0.043589	2.2
955	-0.449746	118.918096	0.326535	0.023368	2.1
956	-0.440990	118.160465	0.328313	0.029929	2.3
957	-0.462419	119.150437	0.325994	0.012495	2.3
958	-0.506177	119.640868	0.324857	0.034924	1.8
959	-0.485320	118.940892	0.326482	0.046254	1.9
960	-0.500622	118.180036	0.328267	0.015937	1.7
961	-0.463687	117.816504	0.329127	0.023842	1.8
962	-0.507666	117.144784	0.330727	0.007191	1.7
963	-0.470844	117.343886	0.330251	0.015119	1.8
964	-0.435658	117.116706	0.330794	0.017334	1.8
965	-0.446975	117.331152	0.330282	0.032031	2.1
966	-0.426520	118.239134	0.328128	0.027929	2.4
967	-0.504900	119.143256	0.326011	0.018931	1.9
968	-0.481869	119.227674	0.325815	0.023166	1.7
969	-0.430876	118.836510	0.326726	0.036303	1.7
970	-0.483744	118.095559	0.328466	0.036917	1.8
971	-0.459382	119.095513	0.326122	0.009955	1.9
972	-0.502271	119.330774	0.325575	0.028450	2.0
973	-0.504037	119.615926	0.324915	0.044854	2.0
974	-0.478376	118.860027	0.326671	0.027763	2.3
975	-0.544515	119.859802	0.324352	0.023543	1.7
976	-0.560339	120.777961	0.322252	0.072217	1.6
977	-0.530089	121.777955	0.319995	0.046323	1.7
978	-0.499431	121.044996	0.321646	0.025294	3.6
979	-0.503098	120.284803	0.323377	0.034241	1.9
980	-0.501079	121.246913	0.321190	0.014767	2.2
981	-0.516635	120.669729	0.322498	0.006222	1.9
982	-0.492879	120.572389	0.322720	0.064621	2.2
983	-0.496528	120.657629	0.322526	0.015845	2.4
984	-0.510358	119.896743	0.324267	0.036854	1.7
985	-0.461830	119.769296	0.324561	0.021591	2.0
986	-0.494412	120.733700	0.322353	0.042330	1.9
987	-0.522825	119.973116	0.324092	0.041795	2.1
988	-0.436183	120.770249	0.322269	0.033607	2.2
989	-0.497266	121.532013	0.320547	0.044811	2.3
990	-0.442965	122.529683	0.318319	0.017788	1.9
991	-0.507533	121.775480	0.320000	0.036267	1.9
992	-0.515273	121.337067	0.320986	0.029154	1.8
993	-0.511430	122.314555	0.318797	0.017586	2.0
994	-0.486404	121.597096	0.320401	0.031415	1.9
995	-0.539503	122.550539	0.318273	0.048410	1.7
996	-0.475579	121.789172	0.319970	0.017036	2.1
997	-0.489766	122.589182	0.318187	0.027735	1.8
998	-0.466195	122.996117	0.317288	0.049698	1.8
999	-0.520915	123.234054	0.316764	0.018590	1.5
