1:ItNr	2:Metric	3a:Time	3b:StepSize	4:||Gradient||	Time[ms]
0	-0.563483	0.000000	5.790782	0.038166	465.0
1	-0.547145	0.000000	5.790782	0.049654	1.9
2	-0.503707	0.000000	5.790782	0.025163	2.0
3	-0.543710	0.000000	5.790782	0.013426	1.9
4	-0.578433	1.000000	5.527565	0.022998	2.0
5	-0.585913	0.888417	5.555743	0.007807	2.2
6	-0.521560	1.888417	5.313012	0.015252	2.1
7	-0.505820	1.777331	5.338923	0.002847	1.9
8	-0.597589	2.525730	5.169082	0.014087	1.9
9	-0.550064	3.289540	5.006535	0.023606	2.1
10	-0.600850	4.289540	4.808566	0.007044	2.5
11	-0.557185	5.074049	4.663887	0.021267	2.0
12	-0.571036	5.168795	4.647001	0.008292	2.1
13	-0.577850	5.057213	4.666901	0.003548	1.9
14	-0.569055	5.565625	4.577586	0.006965	2.2
15	-0.546276	5.507878	4.587558	0.010884	7.9
16	-0.527757	5.396882	4.606848	0.010220	2.1
17	-0.592327	6.396780	4.438712	0.005596	2.1
18	-0.559359	6.305301	4.453583	0.011147	2.9
19	-0.540436	6.376907	4.441934	0.011004	2.6
20	-0.547618	7.376869	4.285407	0.018871	2.3
21	-0.489026	8.376846	4.139533	0.006135	1.9
22	-0.562470	8.265289	4.155313	0.020516	2.2
23	-0.552062	9.260287	4.018680	0.004571	1.9
24	-0.522100	9.149190	4.033489	0.010246	2.6
25	-0.515688	9.054851	4.046150	0.003545	2.2
26	-0.531874	9.771208	3.951955	0.001529	2.3
27	-0.538072	9.817054	3.946076	0.012320	2.5
28	-0.512411	9.794955	3.948907	0.006477	2.7
29	-0.541109	9.701666	3.960906	0.011389	2.5
30	-0.498482	9.805625	3.947540	0.012208	2.6
31	-0.594362	9.818069	3.945946	0.016227	2.2
32	-0.587828	9.706486	3.960285	0.030739	2.2
33	-0.505617	10.706486	3.835380	0.005141	2.4
34	-0.511453	10.904343	3.811595	0.014194	2.7
35	-0.530320	10.792875	3.824958	0.028695	2.3
36	-0.467235	10.698506	3.836346	0.006256	2.4
37	-0.584701	11.698505	3.719021	0.008034	2.6
38	-0.571525	11.588462	3.731579	0.015035	2.1
39	-0.571930	11.476880	3.744400	0.013264	2.5
40	-0.527297	11.365297	3.757309	0.010825	2.2
41	-0.520494	12.364908	3.644740	0.009174	2.1
42	-0.541842	13.363060	3.538871	0.016146	2.9
43	-0.562006	14.363052	3.438799	0.006875	2.3
44	-0.559878	14.251473	3.449683	0.018395	2.6
45	-0.541240	15.251450	3.354526	0.015700	2.3
46	-0.577065	15.139867	3.364883	0.016624	2.5
47	-0.518816	16.139867	3.274283	0.016132	2.3
48	-0.600489	16.028284	3.284150	0.003801	2.2
49	-0.502357	15.997180	3.286911	0.011729	2.6
50	-0.516921	15.889294	3.296523	0.005391	2.7
51	-0.554901	16.785168	3.218364	0.009151	2.5
52	-0.563947	17.045704	3.196325	0.022892	2.1
53	-0.488403	18.045704	3.114464	0.008521	2.1
54	-0.603022	17.934121	3.123389	0.003475	2.4
55	-0.558380	18.505304	3.078230	0.007444	2.3
56	-0.575770	18.659233	3.066283	0.008332	2.0
57	-0.551866	19.286511	3.018539	0.010658	2.0
58	-0.599248	19.896373	2.973526	0.010754	2.0
59	-0.533957	20.107142	2.958280	0.004886	2.2
60	-0.500499	20.003731	2.965740	0.005407	2.0
61	-0.529746	20.389509	2.938098	0.006689	2.1
62	-0.621359	20.484274	2.931386	0.010226	2.8
63	-0.563177	20.378019	2.938914	0.006953	2.7
64	-0.569656	20.266575	2.946850	0.031124	2.5
65	-0.578845	21.266574	2.877130	0.004318	2.0
66	-0.505176	21.155014	2.884744	0.011439	2.0
67	-0.506475	21.947575	2.831508	0.003023	2.5
68	-0.588861	21.852774	2.837772	0.014944	2.0
69	-0.579858	21.744423	2.844966	0.017692	2.5
70	-0.513886	22.742482	2.780053	0.011379	2.0
71	-0.497195	22.631334	2.787135	0.002713	2.1
72	-0.556390	22.575345	2.790716	0.016181	2.2
73	-0.566289	22.488273	2.796304	0.010711	2.2
74	-0.582090	22.376690	2.803497	0.015298	2.4
75	-0.598631	22.265135	2.810726	0.005335	2.4
76	-0.617081	22.979185	2.765090	0.005592	2.2
77	-0.562701	22.880807	2.771290	0.018048	2.1
78	-0.538178	22.926189	2.768426	0.005281	2.0
79	-0.531252	23.917640	2.707320	0.008944	2.0
80	-0.566803	23.826252	2.712839	0.016307	1.7
81	-0.596014	23.715461	2.719561	0.006200	2.4
82	-0.543567	23.603884	2.726364	0.009543	2.2
83	-0.593033	23.547605	2.729808	0.016237	2.3
84	-0.559662	23.436073	2.736660	0.010500	1.9
85	-0.569720	24.436072	2.676429	0.008120	2.1
86	-0.577408	24.335155	2.682387	0.010126	2.2
87	-0.544185	24.228745	2.688698	0.006817	2.1
88	-0.535722	24.215458	2.689488	0.005077	2.3
89	-0.570971	24.935816	2.647312	0.010445	1.9
90	-0.538267	24.980570	2.644735	0.020598	2.0
91	-0.598264	25.980570	2.588441	0.012226	2.2
92	-0.653170	26.980570	2.534493	0.005752	11.0
93	-0.619342	26.871010	2.540294	0.010579	1.8
94	-0.548411	26.785191	2.544856	0.003527	1.9
95	-0.532484	27.112326	2.527552	0.010797	1.9
96	-0.528444	27.810226	2.491413	0.010336	1.9
97	-0.531465	28.809797	2.441416	0.002665	2.0
98	-0.569583	28.735827	2.445047	0.006757	2.1
99	-0.559821	28.796308	2.442077	0.010147	2.2
100	-0.506089	29.444112	2.410716	0.009187	2.1
101	-0.544365	30.402857	2.365752	0.004975	2.3
102	-0.547921	30.300801	2.370459	0.000560	2.2
103	-0.544949	30.312298	2.369927	0.010186	2.0
104	-0.562261	30.352459	2.368074	0.002378	2.1
105	-0.569613	30.858913	2.344947	0.011754	2.7
106	-0.570254	31.049391	2.336366	0.023365	2.7
107	-0.572459	32.049160	2.292335	0.002997	2.0
108	-0.504629	33.007447	2.251660	0.005696	2.0
109	-0.502540	33.286674	2.240079	0.013476	2.1
110	-0.577989	33.283377	2.240215	0.009102	1.8
111	-0.524804	33.171871	2.244826	0.009121	2.4
112	-0.569131	34.169831	2.204220	0.011620	2.2
113	-0.523143	34.058301	2.208685	0.006894	2.1
114	-0.532744	34.157698	2.204704	0.011238	2.7
115	-0.508484	35.119166	2.166932	0.008666	2.8
116	-0.543546	35.981379	2.134143	0.018343	1.9
117	-0.579358	36.958061	2.098180	0.015637	2.2
118	-0.552558	37.958061	2.062592	0.003957	2.2
119	-0.531054	38.799022	2.033585	0.010205	2.2
120	-0.602554	38.724085	2.036137	0.006604	2.0
121	-0.580900	38.612625	2.039944	0.002905	2.1
122	-0.601594	38.661688	2.038267	0.015219	2.1
123	-0.519893	38.697977	2.037028	0.014819	2.2
124	-0.544902	38.586394	2.040842	0.002815	2.1
125	-0.595493	38.478640	2.044539	0.011064	2.1
126	-0.635151	39.112410	2.022984	0.008154	1.8
127	-0.530170	39.000843	2.026745	0.007808	2.0
128	-0.553103	39.960467	1.994841	0.018686	2.1
129	-0.556204	40.959634	1.962672	0.015549	2.1
130	-0.564781	41.959634	1.931498	0.009861	2.1
131	-0.537855	42.959395	1.901307	0.008719	9.6
132	-0.530871	43.952000	1.872251	0.010205	2.3
133	-0.619809	44.400116	1.859422	0.004074	2.0
134	-0.515516	44.500929	1.856560	0.020582	2.0
135	-0.605356	44.454007	1.857891	0.006768	1.8
136	-0.550455	45.453999	1.829934	0.012804	2.0
137	-0.558733	46.450629	1.802895	0.008057	2.0
138	-0.591841	47.439813	1.776837	0.021552	1.9
139	-0.505374	47.328230	1.779739	0.020718	2.2
140	-0.622609	47.216647	1.782650	0.012496	2.0
141	-0.575674	48.216647	1.756896	0.011131	2.2
142	-0.515900	49.216641	1.731875	0.017004	1.9
143	-0.545957	49.105059	1.734631	0.006833	2.2
144	-0.584807	50.104126	1.710258	0.017395	2.2
145	-0.519330	49.992607	1.712945	0.011845	2.1
146	-0.537419	50.992607	1.689152	0.007275	2.9
147	-0.572847	51.973069	1.666456	0.016736	2.6
148	-0.628019	51.861489	1.669008	0.005624	2.9
149	-0.588157	51.749926	1.671568	0.023756	2.1
150	-0.541072	52.749713	1.648907	0.010068	2.0
151	-0.515410	52.638131	1.651406	0.009762	2.5
152	-0.546563	52.714718	1.649690	0.010072	1.9
153	-0.566764	52.603454	1.652184	0.014061	2.4
154	-0.593909	52.492414	1.654680	0.009990	2.2
155	-0.553632	52.390924	1.656968	0.009526	2.1
156	-0.588052	52.281542	1.659441	0.003535	2.1
157	-0.560352	52.417845	1.656361	0.004519	2.1
158	-0.656506	52.466649	1.655260	0.009739	2.4
159	-0.533236	53.329307	1.636049	0.016465	2.0
160	-0.567730	54.329306	1.614331	0.006211	2.1
161	-0.561188	54.218508	1.616709	0.012960	2.0
162	-0.555450	54.168344	1.617788	0.005984	2.1
163	-0.529946	55.164117	1.596637	0.012826	2.1
164	-0.555039	56.144829	1.576339	0.019226	2.0
165	-0.578832	57.144829	1.556167	0.008732	1.8
166	-0.555032	57.033247	1.558392	0.010448	1.8
167	-0.595100	58.032045	1.538698	0.006476	1.8
168	-0.513012	58.466737	1.530281	0.009844	1.8
169	-0.556140	58.733738	1.525156	0.001771	1.9
170	-0.587291	58.731265	1.525204	0.018236	1.9
171	-0.547896	58.673272	1.526314	0.005149	2.4
172	-0.521474	58.574023	1.528218	0.005183	1.6
173	-0.540591	58.902399	1.521937	0.011062	1.9
174	-0.581010	59.775861	1.505480	0.009629	2.1
175	-0.569555	60.767209	1.487227	0.007373	2.2
176	-0.530067	60.684917	1.488726	0.004040	1.9
177	-0.533543	60.653355	1.489301	0.002705	1.9
178	-0.611038	60.580938	1.490623	0.006674	1.8
179	-0.564597	60.662561	1.489133	0.017732	1.9
180	-0.552490	60.550982	1.491171	0.018165	1.7
181	-0.532734	61.550982	1.473107	0.017262	1.7
182	-0.546903	61.439399	1.475101	0.013346	1.7
183	-0.590076	61.327817	1.477100	0.012969	1.8
184	-0.572494	61.729535	1.469928	0.009361	1.7
185	-0.564124	62.729488	1.452373	0.006988	1.8
186	-0.529730	62.619319	1.454286	0.005402	1.9
187	-0.533152	62.609780	1.454452	0.013217	1.9
188	-0.550968	62.498276	1.456394	0.009552	2.0
189	-0.674233	62.386702	1.458343	0.016229	1.8
190	-0.542093	63.386694	1.441062	0.006836	1.9
191	-0.493362	63.277804	1.442923	0.010542	2.2
192	-0.592615	64.257760	1.426338	0.021529	1.9
193	-0.586433	65.257759	1.409803	0.013192	1.6
194	-0.570405	66.257759	1.393646	0.011585	1.8
195	-0.576930	67.257737	1.377856	0.026299	2.8
196	-0.541191	67.147800	1.379574	0.003563	2.6
197	-0.493518	68.145689	1.364131	0.015023	1.6
198	-0.562636	68.036343	1.365807	0.013077	2.3
199	-0.569000	67.924761	1.367520	0.013286	1.9
200	-0.632615	67.813181	1.369238	0.018195	1.9
201	-0.564496	67.701601	1.370961	0.014133	1.9
202	-0.598920	67.605497	1.372448	0.007273	2.0
203	-0.536126	67.498308	1.374110	0.007708	1.7
204	-0.565146	67.387833	1.375828	0.003416	1.9
205	-0.560091	67.291895	1.377323	0.002758	2.0
206	-0.536175	67.259925	1.377821	0.005100	2.4
207	-0.513449	67.241720	1.378106	0.013175	1.9
208	-0.531218	68.219584	1.363001	0.018843	1.8
209	-0.548134	68.108001	1.364708	0.003214	1.7
210	-0.572701	68.010532	1.366203	0.004194	2.0
211	-0.577735	67.942985	1.367240	0.002144	2.3
212	-0.572444	67.923913	1.367533	0.011925	2.2
213	-0.577332	68.038314	1.365776	0.007727	2.3
214	-0.548563	69.034313	1.350668	0.006119	2.4
215	-0.627320	69.615504	1.342005	0.007900	1.9
216	-0.568475	70.542141	1.328420	0.003157	2.1
217	-0.524351	70.776781	1.325024	0.011884	2.0
218	-0.617985	71.188092	1.319112	0.016908	2.3
219	-0.572221	71.076511	1.320711	0.007118	2.0
220	-0.559071	72.076129	1.306526	0.008728	2.1
221	-0.527409	72.046788	1.306938	0.007500	2.2
222	-0.513242	72.053039	1.306851	0.014937	2.2
223	-0.553531	73.052235	1.292967	0.002943	2.2
224	-0.566769	72.987628	1.293856	0.013717	2.2
225	-0.538407	72.911972	1.294898	0.006524	2.2
226	-0.601348	72.800595	1.296436	0.005728	2.3
227	-0.634534	72.703200	1.297783	0.011718	2.3
228	-0.588357	72.592309	1.299321	0.011222	2.0
229	-0.602969	72.480726	1.300872	0.015349	2.2
230	-0.596583	72.369143	1.302426	0.009937	2.3
231	-0.568275	72.266577	1.303859	0.011240	2.2
232	-0.549937	73.250458	1.290248	0.018362	2.1
233	-0.531244	74.249741	1.276711	0.013677	2.2
234	-0.503615	75.249741	1.263447	0.023567	2.2
235	-0.514575	76.069581	1.252776	0.025324	2.4
236	-0.582319	75.957999	1.254218	0.020770	11.0
237	-0.512254	76.957999	1.241414	0.019277	2.4
238	-0.558818	77.957999	1.228869	0.017723	2.9
239	-0.551339	77.846416	1.230256	0.012523	2.6
240	-0.533282	78.846416	1.217935	0.006640	3.3
241	-0.520347	78.734876	1.219297	0.015359	2.5
242	-0.585789	78.623329	1.220662	0.008691	2.3
243	-0.552013	79.617546	1.208601	0.008948	2.6
244	-0.542842	79.507712	1.209921	0.021539	2.0
245	-0.541575	80.430744	1.198911	0.005558	2.2
246	-0.595219	80.397325	1.199306	0.006316	1.9
247	-0.658401	80.541238	1.197606	0.005750	2.3
248	-0.563685	81.058715	1.191534	0.004620	2.1
249	-0.544829	81.092718	1.191137	0.007979	1.7
250	-0.533529	81.158066	1.190375	0.005637	1.8
251	-0.552845	81.301172	1.188710	0.013430	1.7
252	-0.540598	81.191281	1.189988	0.006185	1.8
253	-0.561789	81.186989	1.190038	0.009536	1.6
254	-0.632150	81.099979	1.191052	0.007078	1.6
255	-0.561319	80.995455	1.192273	0.004410	1.7
256	-0.574847	81.585583	1.185414	0.008198	1.7
257	-0.561660	81.477101	1.186669	0.006632	1.6
258	-0.526231	81.366624	1.187950	0.008804	1.5
259	-0.591600	81.255335	1.189243	0.012867	1.9
260	-0.590246	81.143773	1.190542	0.005751	1.7
261	-0.586124	81.040424	1.191748	0.015038	1.6
262	-0.614933	81.598973	1.185260	0.016404	1.7
263	-0.547911	82.598958	1.173819	0.008048	1.9
264	-0.556782	82.635324	1.173407	0.010625	1.8
265	-0.531689	83.628475	1.162269	0.016201	1.9
266	-0.540028	84.628475	1.151266	0.006059	1.8
267	-0.525161	85.613181	1.140632	0.009762	1.8
268	-0.568059	85.801374	1.138622	0.004741	1.5
269	-0.547650	86.013188	1.136369	0.009688	2.2
270	-0.494382	86.847665	1.127576	0.011273	1.6
271	-0.595419	87.844032	1.117254	0.008401	1.8
272	-0.560080	88.832081	1.107203	0.016801	1.8
273	-0.542516	89.832077	1.097213	0.005212	2.0
274	-0.595311	90.830726	1.087415	0.003923	1.7
275	-0.591804	91.201550	1.083821	0.009198	1.9
276	-0.542804	91.117705	1.084632	0.015556	7.1
277	-0.511409	91.011117	1.085664	0.009296	2.4
278	-0.541944	90.899536	1.086746	0.024304	2.3
279	-0.620637	90.793018	1.087782	0.003716	2.3
280	-0.600060	91.745825	1.078589	0.008787	2.1
281	-0.536112	91.653090	1.079477	0.011180	2.0
282	-0.586411	91.553762	1.080430	0.008153	1.8
283	-0.540293	92.278862	1.073514	0.012564	1.6
284	-0.485415	93.275776	1.064149	0.014111	2.1
285	-0.552357	94.275775	1.054917	0.008206	2.5
286	-0.638506	94.172165	1.055866	0.011032	2.0
287	-0.598988	95.171038	1.046788	0.004020	1.8
288	-0.557080	95.144187	1.047030	0.014861	2.5
289	-0.564221	95.035973	1.048006	0.007717	2.0
290	-0.529319	96.035533	1.039056	0.008490	1.7
291	-0.588899	96.019157	1.039201	0.011915	1.6
292	-0.580680	95.907579	1.040193	0.009039	1.8
293	-0.549854	95.796039	1.041186	0.010191	1.8
294	-0.525287	96.760731	1.032657	0.015031	1.6
295	-0.561793	97.760349	1.023965	0.009281	1.7
296	-0.492056	98.737942	1.015605	0.007306	2.4
297	-0.516257	98.627300	1.016544	0.008368	1.8
298	-0.541004	98.571668	1.017017	0.002304	2.1
299	-0.574669	98.482436	1.017777	0.011625	2.3
300	-0.522800	98.425871	1.018259	0.018962	2.2
301	-0.611668	98.314288	1.019211	0.015142	2.2
302	-0.561702	99.314288	1.010740	0.012229	2.4
303	-0.586518	100.314288	1.002408	0.019506	2.3
304	-0.571618	101.314288	0.994213	0.005461	2.2
305	-0.580926	102.310012	0.986185	0.016109	2.1
306	-0.543026	103.178272	0.979289	0.010222	2.2
307	-0.540307	103.066690	0.980170	0.005173	2.1
308	-0.589763	103.943634	0.973290	0.009632	2.1
309	-0.531402	103.833742	0.974147	0.011168	2.3
310	-0.551996	104.833477	0.966408	0.009367	2.2
311	-0.605983	105.831634	0.958802	0.025497	2.5
312	-0.553088	105.720051	0.959646	0.018294	2.2
313	-0.552180	106.720051	0.952133	0.004742	2.2
314	-0.541295	106.614686	0.952919	0.011964	2.3
315	-0.499138	106.858858	0.951099	0.008374	2.2
316	-0.482741	107.723396	0.944711	0.003430	2.1
317	-0.577734	108.184166	0.941342	0.005475	4.5
318	-0.612329	108.174833	0.941410	0.003478	2.2
319	-0.526740	108.366865	0.940012	0.002983	2.2
320	-0.492658	108.312270	0.940409	0.011095	2.1
321	-0.544288	108.207652	0.941170	0.003051	2.2
322	-0.557562	108.110615	0.941878	0.019439	2.2
323	-0.473967	108.449477	0.939412	0.007674	2.2
324	-0.564544	108.337899	0.940223	0.010528	2.3
325	-0.605357	108.226369	0.941034	0.005065	2.2
326	-0.568365	108.115321	0.941843	0.011910	2.4
327	-0.669772	108.005315	0.942647	0.007123	2.4
328	-0.557877	107.893753	0.943462	0.008662	2.1
329	-0.503566	108.840829	0.936581	0.004005	3.0
330	-0.502773	109.614225	0.931035	0.011984	2.6
331	-0.536358	109.722626	0.930263	0.004909	2.0
332	-0.573492	109.612054	0.931051	0.010681	2.1
333	-0.537236	109.505128	0.931813	0.002930	2.2
334	-0.560733	109.701747	0.930412	0.012508	2.4
335	-0.602884	109.720343	0.930279	0.008517	2.1
336	-0.602704	109.608936	0.931073	0.014270	2.7
337	-0.557654	110.608523	0.924001	0.010169	2.0
338	-0.544469	111.608422	0.917034	0.011689	2.3
339	-0.628747	112.582810	0.910345	0.012227	2.2
340	-0.453133	112.471228	0.911106	0.003944	2.3
341	-0.524127	113.336190	0.905239	0.016151	2.4
342	-0.529461	113.231935	0.905943	0.008687	2.3
343	-0.527845	114.231913	0.899244	0.019551	2.1
344	-0.542387	114.120332	0.899986	0.013906	2.2
345	-0.568330	115.120300	0.893375	0.016431	2.1
346	-0.622610	115.008718	0.894108	0.004411	2.1
347	-0.564587	116.000438	0.887635	0.013935	2.3
348	-0.510752	115.889291	0.888356	0.011301	2.1
349	-0.549870	116.475751	0.884566	0.020436	2.2
350	-0.568354	117.475734	0.878179	0.009952	2.3
351	-0.505454	118.475734	0.871882	0.008402	2.3
352	-0.566210	119.393369	0.866184	0.017706	1.7
353	-0.473409	119.281786	0.866872	0.005812	1.7
354	-0.535295	120.278320	0.860758	0.006604	1.8
355	-0.558187	120.181735	0.861347	0.016716	1.7
356	-0.531382	120.070154	0.862028	0.019239	1.6
357	-0.546078	121.070154	0.855960	0.013906	2.2
358	-0.571768	120.958571	0.856633	0.017712	10.7
359	-0.576946	120.846989	0.857307	0.005920	1.5
360	-0.521225	120.737556	0.857969	0.012603	1.7
361	-0.606023	121.067454	0.855977	0.010628	1.9
362	-0.549762	121.757557	0.851839	0.004202	2.0
363	-0.479689	122.607245	0.846799	0.007944	1.6
364	-0.617174	122.504409	0.847405	0.011362	1.8
365	-0.599778	122.885300	0.845162	0.013132	1.7
366	-0.595164	122.773724	0.845818	0.022150	1.6
367	-0.525357	123.773724	0.839976	0.007711	1.7
368	-0.540863	124.772714	0.834219	0.010746	1.8
369	-0.514091	125.715340	0.828860	0.005870	1.8
370	-0.527754	126.516610	0.824357	0.012350	1.9
371	-0.564945	127.070122	0.821276	0.007269	1.6
372	-0.608884	128.067600	0.815780	0.004937	2.1
373	-0.537425	127.960021	0.816370	0.006306	1.8
374	-0.607813	127.868938	0.816869	0.011803	1.6
375	-0.654000	128.487958	0.813486	0.009926	2.2
376	-0.569106	128.376386	0.814094	0.004889	2.3
377	-0.527854	128.266345	0.814694	0.002711	2.2
378	-0.559334	128.468934	0.813590	0.008638	2.0
379	-0.544022	128.442064	0.813736	0.006348	2.1
380	-0.566478	129.184553	0.809713	0.010224	1.9
381	-0.556012	129.510809	0.807958	0.009293	1.6
382	-0.561172	130.508460	0.802638	0.007356	2.2
383	-0.529785	130.398156	0.803223	0.019220	1.9
384	-0.604085	130.286573	0.803815	0.005269	1.9
385	-0.608902	131.279911	0.798572	0.024864	2.1
386	-0.617131	131.168355	0.799157	0.009287	2.1
387	-0.595947	132.168343	0.793940	0.005817	1.8
388	-0.523685	132.459548	0.792433	0.007867	1.7
389	-0.489312	132.365033	0.792921	0.017401	1.7
390	-0.580427	132.253451	0.793499	0.010046	2.4
391	-0.516059	132.141888	0.794077	0.005035	1.6
392	-0.565767	132.031691	0.794649	0.005452	2.0
393	-0.603658	132.262954	0.793450	0.005981	1.6
394	-0.541086	132.163042	0.793967	0.005529	1.7
395	-0.604625	132.887993	0.790227	0.001227	1.8
396	-0.522182	132.905728	0.790136	0.009595	1.7
397	-0.549089	133.032969	0.789483	0.010967	1.6
398	-0.513981	132.921392	0.790055	0.011400	1.8
399	-0.551999	132.872635	0.790306	0.010430	1.8
400	-0.544349	133.872525	0.785203	0.004570	2.0
401	-0.527715	134.449703	0.782288	0.026541	4.9
402	-0.496226	134.338155	0.782850	0.023631	1.8
403	-0.601420	135.338155	0.777842	0.003502	1.7
404	-0.598230	135.238609	0.778338	0.017736	2.3
405	-0.507467	136.216386	0.773497	0.017265	2.3
406	-0.496695	137.216386	0.768608	0.010844	2.1
407	-0.519120	138.122695	0.764231	0.010610	2.3
408	-0.499454	138.287423	0.763440	0.007068	2.1
409	-0.571595	138.176256	0.763973	0.013337	2.1
410	-0.488809	139.175497	0.759207	0.005992	2.1
411	-0.513604	140.172016	0.754513	0.007400	2.3
412	-0.505590	141.043854	0.750454	0.002973	2.1
413	-0.557742	141.300713	0.749266	0.004674	2.0
414	-0.534248	141.261943	0.749445	0.005822	2.3
415	-0.620153	141.783733	0.747043	0.002186	2.3
416	-0.541499	141.713352	0.747366	0.023536	2.1
417	-0.575015	142.118331	0.745510	0.006371	2.1
418	-0.594412	142.029603	0.745916	0.007576	2.2
419	-0.609212	141.960051	0.746235	0.006091	2.2
420	-0.549998	142.378528	0.744323	0.014381	2.1
421	-0.564074	143.376948	0.739802	0.004705	2.4
422	-0.640715	143.265854	0.740302	0.005245	2.9
423	-0.592440	143.251684	0.740366	0.012213	3.2
424	-0.570448	143.565973	0.738952	0.002983	2.5
425	-0.667793	143.969716	0.737144	0.006416	2.5
426	-0.495729	144.023163	0.736905	0.004359	2.2
427	-0.592709	144.074206	0.736677	0.018403	2.8
428	-0.529409	143.962716	0.737175	0.018887	2.3
429	-0.566061	143.851133	0.737674	0.014066	2.1
430	-0.569522	144.851133	0.733226	0.007864	2.1
431	-0.562233	145.830448	0.728922	0.004852	2.2
432	-0.631906	145.723323	0.729391	0.013051	2.1
433	-0.593260	145.881816	0.728698	0.007116	2.1
434	-0.561038	145.770250	0.729185	0.020404	2.4
435	-0.582038	146.770245	0.724839	0.008964	2.3
436	-0.561234	147.770241	0.720544	0.006277	2.1
437	-0.506600	148.384177	0.717933	0.020824	2.2
438	-0.598535	148.414710	0.717803	0.007855	2.1
439	-0.545299	149.414118	0.713594	0.007529	2.1
440	-0.598893	149.832909	0.711844	0.009483	2.1
441	-0.623084	149.721485	0.712309	0.016760	2.2
442	-0.587616	150.721466	0.708161	0.019937	11.2
443	-0.530018	150.609883	0.708621	0.001830	2.3
444	-0.604915	150.504522	0.709057	0.006523	2.0
445	-0.567708	150.430639	0.709362	0.008497	2.2
446	-0.601984	150.321694	0.709813	0.014735	1.6
447	-0.548100	150.220050	0.710235	0.019471	1.9
448	-0.501255	150.108468	0.710698	0.015968	2.8
449	-0.584594	151.108468	0.706569	0.014117	2.7
450	-0.650978	151.014890	0.706953	0.021814	2.1
451	-0.607663	152.014890	0.702867	0.012376	2.0
452	-0.548305	151.903313	0.703320	0.017460	2.0
453	-0.565367	151.791730	0.703775	0.006440	1.9
454	-0.577682	152.735577	0.699951	0.009281	1.9
455	-0.588438	152.639022	0.700340	0.006049	2.0
456	-0.579198	152.539807	0.700741	0.013602	1.9
457	-0.588720	152.790457	0.699730	0.020771	2.0
458	-0.572738	153.790457	0.695727	0.010240	2.0
459	-0.517228	154.790457	0.691769	0.010533	1.7
460	-0.537609	154.678903	0.692208	0.009882	1.9
461	-0.611384	154.572065	0.692630	0.017802	7.3
462	-0.583969	154.587126	0.692570	0.002413	2.3
463	-0.576106	154.604955	0.692500	0.013740	2.7
464	-0.567272	155.020704	0.690864	0.009787	1.7
465	-0.540884	154.909124	0.691303	0.010124	1.8
466	-0.630006	155.908422	0.687398	0.007039	1.8
467	-0.629083	155.823525	0.687728	0.022562	1.8
468	-0.502486	156.821822	0.683867	0.020958	2.2
469	-0.549348	156.710239	0.684296	0.008615	2.3
470	-0.561437	157.710231	0.680467	0.027034	1.8
471	-0.637331	158.710230	0.676681	0.015372	2.5
472	-0.555772	159.710230	0.672936	0.002584	2.2
473	-0.570519	159.709163	0.672940	0.004863	1.6
474	-0.489926	159.634528	0.673218	0.007117	1.7
475	-0.557296	159.850256	0.672415	0.017656	1.9
476	-0.589413	160.771194	0.669008	0.007267	1.8
477	-0.596472	160.664786	0.669400	0.025702	1.5
478	-0.535254	161.664754	0.665736	0.009203	1.7
479	-0.560192	161.553171	0.666142	0.009451	2.8
480	-0.577817	162.386088	0.663117	0.010748	2.0
481	-0.578324	163.098514	0.660551	0.018532	1.8
482	-0.540251	162.986931	0.660951	0.005130	1.9
483	-0.624813	163.921288	0.657612	0.003578	1.9
484	-0.562299	163.861100	0.657826	0.021931	2.4
485	-0.587502	163.751740	0.658215	0.008892	1.6
486	-0.548788	163.640165	0.658613	0.018462	1.8
487	-0.608730	163.528592	0.659011	0.018747	2.1
488	-0.535627	164.528591	0.655459	0.011909	1.7
489	-0.506746	164.933535	0.654032	0.019975	1.9
490	-0.485348	164.821952	0.654424	0.004222	1.7
491	-0.520239	164.923181	0.654068	0.007164	1.8
492	-0.572514	164.850659	0.654323	0.025121	2.1
493	-0.570957	164.739078	0.654716	0.009166	2.6
494	-0.560512	165.203422	0.653084	0.007895	2.4
495	-0.581621	165.966732	0.650417	0.011064	2.4
496	-0.512445	166.565338	0.648342	0.004585	2.1
497	-0.565018	167.292124	0.645839	0.004002	2.2
498	-0.584166	167.199858	0.646156	0.007610	2.3
499	-0.558225	167.107735	0.646472	0.009700	2.2
500	-0.590634	167.155653	0.646308	0.027944	2.3
501	-0.518479	167.362513	0.645598	0.006748	2.0
502	-0.523816	167.250930	0.645980	0.009605	2.1
503	-0.537710	167.139581	0.646363	0.009230	2.3
504	-0.493545	168.115711	0.643027	0.004239	2.1
505	-0.571665	168.014540	0.643371	0.002824	2.1
506	-0.530113	167.958836	0.643560	0.005039	2.2
507	-0.530839	167.939943	0.643625	0.009417	2.2
508	-0.529838	168.798027	0.640715	0.004363	2.1
509	-0.539992	168.695153	0.641062	0.012610	2.2
510	-0.539930	168.589638	0.641419	0.015951	2.2
511	-0.598709	169.589623	0.638054	0.013671	3.1
512	-0.494258	169.478040	0.638428	0.003089	2.6
513	-0.610699	169.711710	0.637645	0.013303	2.2
514	-0.546134	169.691442	0.637713	0.017550	2.1
515	-0.566024	169.579859	0.638086	0.008339	2.1
516	-0.564201	170.579856	0.634756	0.001648	1.9
517	-0.514261	170.752332	0.634185	0.011246	2.3
518	-0.520922	170.701722	0.634352	0.012910	2.3
519	-0.548182	171.701674	0.631061	0.006276	2.3
520	-0.571281	172.693971	0.627828	0.005554	2.3
521	-0.575138	173.245890	0.626044	0.010011	3.0
522	-0.540282	173.134735	0.626402	0.010852	2.5
523	-0.608635	174.134271	0.623194	0.006781	2.2
524	-0.468586	174.477882	0.622098	0.028338	2.3
525	-0.550783	175.454511	0.619005	0.006058	2.0
526	-0.566963	176.454392	0.615871	0.007152	2.1
527	-0.551619	176.843501	0.614660	0.009250	2.5
528	-0.503441	177.505669	0.612609	0.007183	2.2
529	-0.575625	178.124794	0.610705	0.003944	2.3
530	-0.549840	178.138213	0.610663	0.007548	2.3
531	-0.535482	178.511901	0.609520	0.010361	2.1
532	-0.569250	178.400360	0.609861	0.008234	2.2
533	-0.563246	179.050021	0.607880	0.008802	2.2
534	-0.616920	180.023907	0.604935	0.012633	2.1
535	-0.522577	179.912404	0.605271	0.004790	2.5
536	-0.556085	179.860367	0.605428	0.004259	2.6
537	-0.536537	179.839436	0.605491	0.010550	2.7
538	-0.567136	180.700344	0.602906	0.013813	2.3
539	-0.541346	181.700340	0.599932	0.004134	2.6
540	-0.539502	182.268999	0.598254	0.019821	2.5
541	-0.567974	182.200115	0.598456	0.008060	2.2
542	-0.614116	182.088542	0.598785	0.007771	2.4
543	-0.532190	183.057724	0.595941	0.006174	2.3
544	-0.549335	182.947189	0.596264	0.012003	2.3
545	-0.547535	182.978086	0.596174	0.007678	2.3
546	-0.602056	183.315244	0.595190	0.015004	2.4
547	-0.603990	183.604860	0.594348	0.005451	2.5
548	-0.586931	183.493467	0.594671	0.006182	2.4
549	-0.609417	183.892218	0.593514	0.012909	2.3
550	-0.578358	184.350715	0.592189	0.016421	2.3
551	-0.591683	184.239133	0.592511	0.016846	2.3
552	-0.477563	184.127550	0.592833	0.007968	2.9
553	-0.524045	184.015967	0.593156	0.009713	2.5
554	-0.560238	184.976960	0.590388	0.009022	2.4
555	-0.542710	185.676578	0.588390	0.013090	2.4
556	-0.587041	186.675733	0.585559	0.007622	2.4
557	-0.591663	187.675164	0.582755	0.012004	2.5
558	-0.541836	187.563596	0.583066	0.009026	2.2
559	-0.559251	187.704047	0.582674	0.003245	2.5
560	-0.612945	188.147586	0.581438	0.012245	1.8
561	-0.517843	188.353954	0.580865	0.010631	7.6
562	-0.545748	189.353500	0.578105	0.010957	2.2
563	-0.558494	189.241919	0.578412	0.012738	2.1
564	-0.513553	189.130346	0.578719	0.008348	2.3
565	-0.657735	189.820732	0.576824	0.012547	2.3
566	-0.599806	189.717047	0.577108	0.006390	2.3
567	-0.545700	190.243459	0.575670	0.011353	2.4
568	-0.539280	190.133765	0.575969	0.021470	2.3
569	-0.528468	190.022183	0.576273	0.015520	2.4
570	-0.540323	191.022183	0.573555	0.006686	2.4
571	-0.586186	191.991860	0.570944	0.004602	2.3
572	-0.561993	192.109465	0.570629	0.007450	2.4
573	-0.564458	192.437400	0.569752	0.008688	2.4
574	-0.583877	193.212337	0.567691	0.019801	2.4
575	-0.537146	193.100754	0.567987	0.016956	2.3
576	-0.599673	192.989171	0.568283	0.008168	2.4
577	-0.622358	192.877762	0.568579	0.010402	2.3
578	-0.576852	192.793548	0.568803	0.004638	2.2
579	-0.528207	192.919910	0.568467	0.019487	2.1
580	-0.594230	192.872833	0.568592	0.014216	2.2
581	-0.544534	193.872833	0.565946	0.003968	2.2
582	-0.482838	193.804757	0.566125	0.004834	2.3
583	-0.538902	193.720229	0.566348	0.008113	2.5
584	-0.526734	193.656269	0.566517	0.015624	2.3
585	-0.515720	193.544686	0.566812	0.004498	2.4
586	-0.557738	193.435652	0.567100	0.010821	2.4
587	-0.617642	193.694913	0.566415	0.011944	2.4
588	-0.580484	193.583331	0.566710	0.007321	2.6
589	-0.549459	193.471764	0.567004	0.011351	2.7
590	-0.559131	193.360297	0.567299	0.013353	2.9
591	-0.496541	194.360289	0.564665	0.013056	2.7
592	-0.535852	195.360288	0.562055	0.004430	4.7
593	-0.527034	195.304507	0.562200	0.006336	2.6
594	-0.501281	195.240091	0.562368	0.007420	2.6
595	-0.534569	195.238957	0.562371	0.004928	2.7
596	-0.474756	195.371702	0.562026	0.003806	2.4
597	-0.491897	195.336348	0.562117	0.010668	2.6
598	-0.543438	195.254940	0.562329	0.013371	3.8
599	-0.554654	195.143358	0.562619	0.017267	2.6
600	-0.545301	195.031775	0.562910	0.012964	3.3
601	-0.615655	194.920192	0.563201	0.014744	2.4
602	-0.542356	194.808610	0.563492	0.027842	2.4
603	-0.552550	194.697027	0.563783	0.017007	2.5
604	-0.586665	194.585444	0.564075	0.009505	2.2
605	-0.546311	194.473948	0.564367	0.004053	2.3
606	-0.557089	194.365307	0.564652	0.006898	2.6
607	-0.522869	194.407683	0.564541	0.007737	2.5
608	-0.596553	194.297317	0.564830	0.013455	2.5
609	-0.567711	194.774773	0.563580	0.008103	2.3
610	-0.518695	195.761512	0.561015	0.018930	2.3
611	-0.543283	196.761509	0.558439	0.009665	2.7
612	-0.539452	196.649927	0.558725	0.003558	2.4
613	-0.523158	196.544503	0.558996	0.003367	2.6
614	-0.553865	196.529539	0.559034	0.005483	2.7
615	-0.578315	196.511843	0.559080	0.002403	2.8
616	-0.564309	196.507097	0.559092	0.003101	2.4
617	-0.588789	196.517707	0.559064	0.001979	2.4
618	-0.560218	196.541816	0.559003	0.023313	2.5
619	-0.496899	196.434810	0.559278	0.007798	2.5
620	-0.574274	196.323228	0.559565	0.016921	2.6
621	-0.601600	196.785451	0.558377	0.005011	2.7
622	-0.584148	197.752376	0.555909	0.007344	2.4
623	-0.541077	197.683300	0.556085	0.005275	2.6
624	-0.521528	197.634522	0.556209	0.017338	2.4
625	-0.514727	197.610433	0.556270	0.016040	2.7
626	-0.539338	197.500222	0.556551	0.005041	2.4
627	-0.596221	198.467342	0.554098	0.001985	2.5
628	-0.588124	198.462433	0.554110	0.018092	2.5
629	-0.522019	198.531474	0.553936	0.010808	2.2
630	-0.533762	198.419898	0.554218	0.014149	2.9
631	-0.618681	198.308407	0.554500	0.013353	2.9
632	-0.646464	198.197649	0.554780	0.016137	2.4
633	-0.582285	199.197648	0.552260	0.005834	2.4
634	-0.536677	200.119116	0.549959	0.011144	2.5
635	-0.640135	201.100420	0.547529	0.007506	2.4
636	-0.561044	200.994306	0.547791	0.013537	2.6
637	-0.655234	201.992466	0.545339	0.012330	2.9
638	-0.606371	202.992453	0.542904	0.022061	2.5
639	-0.571424	203.989074	0.540499	0.016948	2.5
640	-0.556388	203.877492	0.540767	0.006150	2.4
641	-0.576927	204.868654	0.538394	0.004459	2.6
642	-0.503701	204.797572	0.538564	0.002537	2.6
643	-0.549575	204.724366	0.538739	0.011490	2.5
644	-0.545950	204.964536	0.538166	0.008687	2.5
645	-0.471355	205.962745	0.535799	0.013269	2.6
646	-0.565223	205.851163	0.536063	0.007713	2.6
647	-0.597854	205.739950	0.536326	0.012140	2.7
648	-0.560662	206.336030	0.534919	0.018098	2.8
649	-0.590693	207.335589	0.532578	0.007065	2.4
650	-0.555203	207.226645	0.532832	0.007929	2.6
651	-0.641356	207.115480	0.533091	0.007265	2.3
652	-0.506109	207.005492	0.533349	0.011719	2.2
653	-0.581603	206.897443	0.533602	0.009928	2.4
654	-0.532039	206.789305	0.533855	0.018323	2.6
655	-0.556225	206.677722	0.534116	0.000503	2.5
656	-0.578130	206.746260	0.533956	0.015794	2.5
657	-0.556747	206.775731	0.533887	0.005833	2.4
658	-0.492588	206.668956	0.534137	0.002686	2.5
659	-0.563832	206.645795	0.534191	0.009849	2.3
660	-0.537981	206.687562	0.534093	0.007163	2.6
661	-0.568213	206.797396	0.533836	0.006704	2.4
662	-0.614336	207.217029	0.532854	0.019408	2.6
663	-0.532834	208.216911	0.530530	0.014971	2.6
664	-0.495934	208.105328	0.530788	0.006281	2.7
665	-0.532066	207.994311	0.531046	0.004924	2.6
666	-0.575937	207.893272	0.531280	0.011604	2.7
667	-0.572770	207.782789	0.531537	0.016454	2.6
668	-0.524390	207.671241	0.531796	0.011797	2.8
669	-0.519845	207.559658	0.532055	0.011955	2.8
670	-0.528576	207.736044	0.531645	0.008766	3.2
671	-0.558941	207.638640	0.531872	0.004706	5.8
672	-0.514035	207.565072	0.532043	0.005786	3.4
673	-0.538171	207.535704	0.532111	0.014899	3.2
674	-0.553830	207.426914	0.532365	0.017556	2.9
675	-0.539230	207.315331	0.532625	0.004912	2.2
676	-0.535197	208.282367	0.530378	0.004968	2.9
677	-0.601741	208.582522	0.529685	0.008309	2.9
678	-0.564555	209.059007	0.528588	0.007792	3.1
679	-0.571961	208.978520	0.528773	0.010453	2.5
680	-0.481532	209.500405	0.527576	0.012910	2.6
681	-0.532403	210.500325	0.525297	0.005698	2.5
682	-0.566307	210.388807	0.525550	0.004444	2.4
683	-0.564477	210.560873	0.525160	0.031319	3.0
684	-0.577017	210.512531	0.525269	0.002809	2.5
685	-0.678564	211.351509	0.523373	0.019576	3.1
686	-0.622274	211.905347	0.522128	0.008089	2.8
687	-0.523548	211.793766	0.522378	0.007287	2.9
688	-0.611197	212.022479	0.521866	0.006552	2.5
689	-0.562794	212.567892	0.520647	0.001701	2.6
690	-0.515650	212.743435	0.520256	0.018511	3.0
691	-0.636790	213.251754	0.519127	0.011794	2.8
692	-0.590750	213.140171	0.519374	0.008901	2.7
693	-0.532096	213.169942	0.519308	0.007068	2.7
694	-0.515383	213.058675	0.519555	0.002235	3.1
695	-0.598848	213.323470	0.518968	0.029549	3.0
696	-0.580050	213.337319	0.518937	0.015829	3.2
697	-0.547190	214.337319	0.516732	0.016002	2.6
698	-0.493864	215.337319	0.514546	0.010386	3.2
699	-0.559856	216.337316	0.512378	0.014215	2.9
700	-0.559002	217.337314	0.510228	0.010346	3.0
701	-0.594405	217.889106	0.509050	0.005532	2.9
702	-0.557265	217.796047	0.509248	0.004377	2.9
703	-0.527439	217.713682	0.509424	0.009801	3.2
704	-0.578274	218.607306	0.507524	0.012931	4.8
705	-0.572199	219.605847	0.505418	0.011853	2.5
706	-0.539720	219.494265	0.505652	0.006498	2.5
707	-0.527593	219.385760	0.505880	0.004332	2.5
708	-0.620966	219.282815	0.506097	0.008515	2.5
709	-0.508566	219.723300	0.505171	0.005719	2.6
710	-0.622636	219.617623	0.505393	0.007421	2.4
711	-0.531531	220.498014	0.503550	0.013175	2.4
712	-0.521595	220.766609	0.502991	0.009797	2.3
713	-0.606302	221.766591	0.500919	0.010238	2.5
714	-0.535288	222.757279	0.498883	0.006184	2.3
715	-0.489924	222.666204	0.499070	0.002869	2.8
716	-0.591030	222.929725	0.498531	0.001577	2.6
717	-0.584796	222.929302	0.498531	0.017748	2.3
718	-0.605679	223.374026	0.497624	0.010865	2.4
719	-0.504779	223.314366	0.497746	0.006367	2.4
720	-0.485344	224.304785	0.495736	0.004555	2.5
721	-0.574276	224.655947	0.495027	0.025781	2.7
722	-0.552917	224.575355	0.495190	0.007146	2.5
723	-0.571903	224.463773	0.495415	0.010224	2.6
724	-0.570163	225.404381	0.493524	0.003968	2.8
725	-0.533545	225.299226	0.493734	0.014237	2.6
726	-0.510734	226.212154	0.491911	0.008084	2.9
727	-0.579113	226.121883	0.492091	0.010021	2.4
728	-0.546065	227.117710	0.490116	0.006109	2.4
729	-0.532063	227.007013	0.490335	0.014684	2.6
730	-0.585669	227.291699	0.489772	0.002858	2.2
731	-0.583398	227.189068	0.489975	0.022310	2.6
732	-0.554255	227.078526	0.490193	0.010671	2.4
733	-0.523669	226.966944	0.490414	0.007991	6.1
734	-0.570485	226.864738	0.490616	0.012042	2.5
735	-0.589929	226.787660	0.490769	0.013840	2.4
736	-0.550628	226.678321	0.490985	0.002922	2.5
737	-0.577850	226.661135	0.491019	0.005507	2.6
738	-0.540796	226.749079	0.490845	0.019250	2.5
739	-0.617326	226.637509	0.491066	0.015355	2.5
740	-0.519732	226.525926	0.491288	0.005965	2.5
741	-0.601871	227.368557	0.489621	0.007972	2.5
742	-0.583355	228.065703	0.488250	0.001121	2.9
743	-0.593251	228.027114	0.488326	0.009990	3.2
744	-0.539344	228.138525	0.488108	0.016560	2.8
745	-0.538201	228.027712	0.488325	0.013943	2.5
746	-0.565727	229.018003	0.486391	0.023939	2.1
747	-0.597050	230.018003	0.484453	0.009840	2.7
748	-0.544749	229.906420	0.484668	0.004480	2.6
749	-0.553133	229.796882	0.484880	0.007424	3.1
750	-0.538047	230.130007	0.484237	0.014731	2.7
751	-0.560272	231.106460	0.482361	0.010518	2.6
752	-0.555701	230.995627	0.482574	0.010912	2.4
753	-0.513080	230.884061	0.482787	0.018628	2.3
754	-0.583422	231.884049	0.480878	0.024742	2.3
755	-0.617605	232.884049	0.478984	0.002627	3.0
756	-0.509032	233.689256	0.477470	0.007299	2.3
757	-0.557245	233.967896	0.476948	0.018292	2.2
758	-0.541985	234.967862	0.475085	0.019025	2.3
759	-0.610427	234.856279	0.475292	0.015939	2.7
760	-0.546791	234.744696	0.475499	0.005243	2.5
761	-0.570141	234.662957	0.475651	0.016357	2.9
762	-0.572420	234.557105	0.475848	0.012895	2.7
763	-0.578286	235.557038	0.473994	0.021386	2.7
764	-0.562478	235.445455	0.474200	0.014394	2.5
765	-0.539517	235.333872	0.474406	0.007595	2.6
766	-0.502468	235.222297	0.474613	0.007692	2.7
767	-0.593810	235.111092	0.474819	0.004611	4.6
768	-0.591535	235.020411	0.474987	0.012132	2.6
769	-0.582925	235.976626	0.473220	0.022920	2.2
770	-0.622842	235.865044	0.473425	0.010193	2.2
771	-0.489393	235.754661	0.473629	0.011224	2.6
772	-0.586424	235.643125	0.473835	0.008077	4.0
773	-0.590024	236.450272	0.472349	0.004420	2.3
774	-0.582895	236.945119	0.471443	0.002725	2.6
775	-0.579107	236.958486	0.471419	0.010663	2.7
776	-0.551538	236.864031	0.471591	0.001631	2.4
777	-0.577027	236.773231	0.471757	0.020733	2.3
778	-0.513544	236.702898	0.471886	0.013268	2.6
779	-0.568773	236.591315	0.472091	0.009980	2.7
780	-0.563610	237.591001	0.470265	0.007050	2.6
781	-0.618717	237.483127	0.470462	0.012435	4.8
782	-0.563440	237.433079	0.470553	0.013460	2.4
783	-0.543460	238.433078	0.468739	0.008501	2.9
784	-0.559693	238.321702	0.468940	0.011567	2.9
785	-0.580451	238.221857	0.469121	0.017767	2.3
786	-0.519280	239.221857	0.467318	0.014231	2.6
787	-0.556460	240.221857	0.465529	0.002857	2.7
788	-0.640685	240.112977	0.465723	0.004785	2.3
789	-0.512966	240.086596	0.465770	0.006714	3.0
790	-0.519013	240.074018	0.465793	0.005917	2.3
791	-0.512021	240.616150	0.464828	0.007182	2.2
792	-0.581835	241.057776	0.464044	0.009352	2.2
793	-0.581300	240.981963	0.464179	0.005798	2.2
794	-0.592639	240.871073	0.464375	0.011545	2.4
795	-0.632324	241.819589	0.462699	0.012756	2.2
796	-0.644028	241.708007	0.462896	0.002785	2.3
797	-0.499007	242.383700	0.461708	0.011420	2.4
798	-0.523552	242.286684	0.461878	0.015274	2.2
799	-0.590016	243.279778	0.460143	0.003665	2.1
800	-0.513498	243.293960	0.460118	0.010200	2.2
801	-0.629231	243.780328	0.459273	0.020581	2.4
802	-0.523150	244.780314	0.457545	0.011550	2.4
803	-0.527280	244.668732	0.457737	0.013894	3.2
804	-0.529887	245.661765	0.456032	0.006821	2.2
805	-0.540234	246.619345	0.454401	0.010411	2.3
806	-0.567358	246.507933	0.454590	0.018569	2.3
807	-0.527503	246.396351	0.454780	0.018743	2.4
808	-0.568003	247.396319	0.453085	0.006423	2.3
809	-0.571143	247.284764	0.453274	0.010218	2.6
810	-0.599305	247.341382	0.453178	0.003784	2.2
811	-0.599037	247.241521	0.453347	0.005084	2.2
812	-0.556147	247.313346	0.453225	0.012293	2.3
813	-0.526846	247.711570	0.452554	0.012698	2.3
814	-0.586838	248.711564	0.450876	0.007691	2.3
815	-0.554664	248.600144	0.451062	0.005927	2.3
816	-0.495610	248.785198	0.450753	0.016445	2.2
817	-0.553369	249.369710	0.449778	0.006387	2.3
818	-0.594520	249.812496	0.449043	0.007101	2.3
819	-0.546347	249.705670	0.449220	0.007588	2.3
820	-0.583030	250.667437	0.447630	0.006847	2.4
821	-0.511445	251.475631	0.446302	0.021892	2.3
822	-0.566328	252.475609	0.444670	0.009501	2.8
823	-0.595919	252.364027	0.444852	0.004894	2.4
824	-0.479654	252.302289	0.444952	0.014864	2.2
825	-0.541914	252.195179	0.445127	0.020082	2.3
826	-0.508431	252.083597	0.445308	0.006144	2.4
827	-0.556161	252.618138	0.444438	0.004977	2.3
828	-0.609991	252.516141	0.444604	0.012433	2.3
829	-0.610764	252.405555	0.444784	0.019172	2.4
830	-0.572707	252.293973	0.444966	0.006809	2.2
831	-0.572231	253.004385	0.443812	0.011311	2.4
832	-0.615057	253.984105	0.442231	0.014637	2.6
833	-0.574404	253.879094	0.442400	0.010909	2.5
834	-0.578309	253.767525	0.442579	0.015890	2.4
835	-0.496958	254.767505	0.440974	0.006808	2.5
836	-0.536211	255.390320	0.439981	0.008886	2.4
837	-0.573346	256.321829	0.438503	0.005336	2.1
838	-0.558336	256.219048	0.438665	0.005123	2.2
839	-0.606254	256.209886	0.438680	0.006645	2.5
840	-0.555623	256.370171	0.438426	0.007509	2.6
841	-0.627996	256.260790	0.438599	0.016824	2.5
842	-0.512226	256.149208	0.438776	0.007196	2.5
843	-0.581391	257.137018	0.437218	0.015058	2.3
844	-0.551247	257.270203	0.437008	0.016469	2.2
845	-0.521980	257.158620	0.437184	0.012000	2.2
846	-0.533050	257.047917	0.437358	0.002335	2.5
847	-0.557293	257.179393	0.437151	0.006150	2.2
848	-0.581430	257.115502	0.437252	0.008126	2.6
849	-0.558138	257.006144	0.437424	0.002284	3.2
850	-0.547134	256.914863	0.437567	0.005966	2.3
851	-0.588049	256.956070	0.437502	0.012116	2.6
852	-0.604978	257.921069	0.435989	0.011835	2.7
853	-0.533959	258.667483	0.434825	0.011627	2.6
854	-0.535196	258.557310	0.434996	0.008773	2.6
855	-0.487313	258.533233	0.435034	0.011452	2.3
856	-0.570254	258.423583	0.435205	0.025371	2.5
857	-0.595328	258.312000	0.435378	0.009198	2.3
858	-0.580599	259.308705	0.433830	0.009034	2.6
859	-0.596927	259.197327	0.434003	0.006549	2.7
860	-0.522046	259.100020	0.434154	0.016154	2.2
861	-0.497149	259.574374	0.433420	0.014290	2.5
862	-0.510091	260.574364	0.431880	0.003592	2.2
863	-0.570377	260.503995	0.431988	0.005759	3.2
864	-0.491651	260.747753	0.431615	0.016533	3.7
865	-0.550257	260.637392	0.431784	0.009761	2.4
866	-0.599459	261.602460	0.430309	0.014483	2.6
867	-0.548968	262.601918	0.428793	0.005114	2.7
868	-0.581946	262.534308	0.428895	0.009882	2.6
869	-0.551842	262.427697	0.429056	0.014955	2.9
870	-0.529928	263.427558	0.427548	0.008853	2.7
871	-0.497384	263.915471	0.426816	0.005770	3.1
872	-0.544192	263.829597	0.426944	0.013228	2.1
873	-0.550252	263.770372	0.427033	0.010214	2.3
874	-0.546269	264.770353	0.425539	0.007080	2.3
875	-0.555771	265.759783	0.424071	0.006352	2.2
876	-0.569558	266.008074	0.423704	0.007797	2.2
877	-0.620538	266.628292	0.422790	0.015444	2.2
878	-0.555245	266.517086	0.422954	0.010475	2.3
879	-0.474904	267.497903	0.421516	0.013182	3.3
880	-0.602166	268.382996	0.420227	0.007807	2.3
881	-0.515113	268.283931	0.420370	0.004698	2.5
882	-0.571371	269.038714	0.419277	0.006230	2.3
883	-0.574765	268.937240	0.419423	0.011104	2.6
884	-0.563105	269.630492	0.418423	0.018206	2.2
885	-0.605928	269.518929	0.418583	0.007051	2.1
886	-0.567993	269.759984	0.418236	0.005881	2.9
887	-0.516697	270.155539	0.417668	0.019775	2.3
888	-0.571169	270.632297	0.416985	0.023390	2.3
889	-0.594344	271.632297	0.415560	0.013632	2.4
890	-0.551387	272.632297	0.414145	0.007849	2.4
891	-0.519778	272.692271	0.414061	0.004027	2.2
892	-0.538794	272.587922	0.414208	0.003997	2.1
893	-0.615900	272.605489	0.414183	0.008730	2.2
894	-0.556872	272.502249	0.414329	0.007145	2.3
895	-0.563517	272.408689	0.414461	0.017388	2.3
896	-0.495987	273.225761	0.413310	0.005946	2.3
897	-0.542060	274.225450	0.411910	0.005166	2.3
898	-0.577638	274.409024	0.411654	0.009996	2.1
899	-0.561667	274.374887	0.411702	0.009583	2.3
900	-0.494122	274.264607	0.411856	0.002642	2.4
901	-0.556136	274.169400	0.411989	0.003483	2.2
902	-0.539127	274.278605	0.411836	0.005869	2.3
903	-0.566473	274.603714	0.411383	0.006399	2.3
904	-0.631155	274.497527	0.411531	0.006354	2.9
905	-0.576723	274.391858	0.411678	0.007750	2.4
906	-0.557776	274.298882	0.411808	0.008526	2.5
907	-0.618336	274.188136	0.411962	0.006383	2.6
908	-0.549076	274.984166	0.410854	0.004625	2.3
909	-0.512386	274.879278	0.411000	0.003846	2.1
910	-0.560889	274.804478	0.411104	0.005449	2.6
911	-0.558035	274.866644	0.411018	0.021356	2.2
912	-0.534357	275.660923	0.409917	0.008746	2.2
913	-0.507759	276.659291	0.408542	0.008624	2.3
914	-0.510444	277.550911	0.407322	0.015763	2.2
915	-0.615103	278.492482	0.406042	0.004772	2.5
916	-0.554660	278.382366	0.406191	0.008722	3.1
917	-0.557316	278.294252	0.406311	0.006926	7.8
918	-0.573929	278.527207	0.405995	0.007113	2.4
919	-0.565265	278.884372	0.405511	0.010796	2.4
920	-0.579668	278.775623	0.405658	0.017515	2.9
921	-0.557632	279.775623	0.404309	0.007687	2.1
922	-0.571727	279.664051	0.404459	0.012289	2.4
923	-0.540305	279.552483	0.404610	0.005405	2.5
924	-0.592600	280.438571	0.403420	0.006098	3.3
925	-0.564078	281.033705	0.402625	0.007559	2.2
926	-0.541348	280.930861	0.402762	0.023769	2.8
927	-0.496798	280.819866	0.402911	0.008246	2.8
928	-0.559782	281.819865	0.401580	0.009066	2.3
929	-0.597391	282.813198	0.400267	0.004896	2.3
930	-0.530331	283.702804	0.399098	0.010834	2.3
931	-0.530672	283.978074	0.398738	0.007997	2.5
932	-0.503014	284.934895	0.397491	0.017936	2.6
933	-0.619867	284.823313	0.397636	0.006477	2.3
934	-0.592702	285.814815	0.396351	0.007690	2.5
935	-0.623270	286.746373	0.395151	0.014169	2.6
936	-0.560372	287.744792	0.393874	0.006894	2.3
937	-0.586846	287.633216	0.394016	0.001803	2.5
938	-0.586902	287.585703	0.394077	0.023584	2.7
939	-0.541124	287.649973	0.393995	0.007971	2.4
940	-0.545140	288.649918	0.392722	0.015920	2.6
941	-0.566778	288.541757	0.392860	0.001708	2.8
942	-0.585988	289.086127	0.392170	0.006523	4.1
943	-0.536881	289.027757	0.392244	0.019092	4.4
944	-0.517574	288.916182	0.392385	0.012566	2.8
945	-0.548767	289.916002	0.391123	0.012993	2.2
946	-0.601007	290.916001	0.389869	0.012703	2.5
947	-0.556083	290.804419	0.390009	0.004699	2.5
948	-0.598005	291.307007	0.389381	0.012629	2.2
949	-0.545923	291.943780	0.388589	0.004971	2.2
950	-0.547990	292.827242	0.387495	0.004577	12.6
951	-0.555742	293.202285	0.387032	0.005562	2.1
952	-0.525938	293.166715	0.387076	0.003056	2.4
953	-0.631328	293.177263	0.387063	0.005269	2.1
954	-0.502394	293.111004	0.387145	0.011270	2.1
955	-0.560309	293.003260	0.387278	0.007638	2.3
956	-0.556705	292.893494	0.387413	0.008212	2.3
957	-0.517796	292.792892	0.387537	0.006751	2.6
958	-0.580640	292.950812	0.387342	0.009758	2.2
959	-0.525940	292.839444	0.387480	0.005222	2.1
960	-0.601323	292.732435	0.387612	0.011339	2.3
961	-0.579159	292.624355	0.387745	0.006646	2.2
962	-0.581022	293.322568	0.386884	0.004382	2.3
963	-0.444519	293.562544	0.386589	0.008964	2.3
964	-0.580784	293.561354	0.386590	0.021044	2.2
965	-0.536691	294.561329	0.385365	0.007453	2.1
966	-0.503819	294.449748	0.385502	0.012471	2.4
967	-0.556733	295.405657	0.384337	0.017440	2.3
968	-0.536956	295.294078	0.384473	0.006725	2.2
969	-0.583760	295.182509	0.384608	0.027877	2.3
970	-0.552529	296.182429	0.383396	0.004931	2.3
971	-0.576821	296.071334	0.383530	0.016527	2.2
972	-0.629582	295.959904	0.383665	0.010989	2.3
973	-0.567737	296.959903	0.382458	0.014415	2.3
974	-0.498660	296.848323	0.382593	0.006546	2.4
975	-0.570754	296.878197	0.382557	0.020398	2.3
976	-0.553820	296.766615	0.382691	0.005063	2.2
977	-0.595895	297.765339	0.381492	0.010845	2.3
978	-0.546999	297.856462	0.381383	0.025174	2.3
979	-0.566411	297.744879	0.381516	0.010506	2.2
980	-0.569113	297.633297	0.381650	0.010900	2.4
981	-0.571069	298.602358	0.380493	0.017880	2.7
982	-0.547162	298.493610	0.380622	0.016139	2.5
983	-0.558023	298.382028	0.380755	0.020275	2.8
984	-0.597817	298.270445	0.380888	0.013328	2.3
985	-0.558760	298.158862	0.381022	0.007965	2.7
986	-0.531681	299.158393	0.379832	0.024549	2.2
987	-0.575109	300.158393	0.378649	0.004798	2.4
988	-0.594737	300.046814	0.378781	0.013080	2.2
989	-0.535080	301.030124	0.377624	0.019351	2.4
990	-0.565119	300.918542	0.377755	0.006725	2.3
991	-0.594021	300.823917	0.377866	0.008215	2.3
992	-0.524878	301.689125	0.376853	0.007832	2.9
993	-0.488625	302.575413	0.375821	0.018281	2.3
994	-0.588150	303.391128	0.374876	0.011270	2.6
995	-0.571421	303.279545	0.375005	0.010587	2.5
996	-0.571537	304.279422	0.373852	0.007013	2.3
997	-0.580963	305.201122	0.372796	0.004222	3.8
998	-0.586908	305.475463	0.372483	0.006918	2.5
999	-0.565376	306.080670	0.371793	0.003896	2.3
