1:ItNr	2:Metric	3a:Time	3b:StepSize	4:||Gradient||	Time[ms]
0	-0.612979	0.000000	4.291309	0.054006	559.2
1	-0.600706	0.000000	4.291309	0.016451	2.2
2	-0.587554	0.999290	4.096382	0.043626	2.2
3	-0.614395	1.999254	3.918279	0.037114	2.1
4	-0.639345	2.991723	3.756191	0.005506	2.0
5	-0.576768	2.556341	3.825615	0.038462	2.4
6	-0.585945	2.122801	3.897343	0.026694	2.2
7	-0.592595	3.122765	3.735786	0.026278	2.3
8	-0.624566	4.122726	3.587091	0.023451	2.5
9	-0.589529	3.680183	3.651411	0.016322	2.3
10	-0.630971	4.678994	3.509386	0.018776	2.3
11	-0.576980	4.239814	3.570450	0.035912	2.2
12	-0.607570	3.797267	3.634170	0.024142	2.6
13	-0.580813	3.356172	3.699986	0.023496	2.1
14	-0.585768	2.913675	3.768450	0.031085	2.0
15	-0.616025	3.913675	3.617190	0.017647	2.0
16	-0.590532	4.764390	3.497754	0.021225	2.1
17	-0.596994	5.742237	3.369856	0.024385	2.3
18	-0.513309	6.739236	3.248737	0.013090	2.1
19	-0.599997	7.146613	3.201717	0.031233	2.1
20	-0.612716	7.646891	3.145804	0.019924	2.2
21	-0.595354	8.642979	3.040096	0.028501	2.3
22	-0.545964	9.309793	2.973214	0.047950	2.2
23	-0.570412	10.079825	2.899550	0.022428	2.2
24	-0.567464	9.637284	2.941432	0.028583	2.1
25	-0.657905	9.223698	2.981683	0.071396	2.2
26	-0.590753	8.781149	3.025991	0.029439	2.2
27	-0.591881	9.781149	2.927685	0.014164	2.4
28	-0.578922	9.880188	2.918295	0.022337	2.4
29	-0.632662	10.877916	2.826957	0.056791	2.1
30	-0.597461	11.877776	2.740985	0.051924	2.4
31	-0.609922	12.877776	2.660077	0.030695	2.4
32	-0.640034	12.435227	2.695286	0.012131	2.4
33	-0.587095	12.030422	2.728318	0.024779	2.6
34	-0.643393	11.590601	2.765138	0.011453	2.3
35	-0.606540	11.170523	2.801244	0.028823	2.4
36	-0.586208	12.169117	2.716910	0.025785	2.5
37	-0.553595	11.815024	2.746227	0.030170	2.3
38	-0.532943	11.372477	2.783769	0.016098	2.1
39	-0.591347	10.929969	2.822348	0.026636	2.1
40	-0.604590	10.487483	2.862010	0.015015	2.3
41	-0.597446	10.047644	2.902555	0.005778	2.4
42	-0.643817	9.778186	2.927966	0.013526	2.1
43	-0.582513	9.448745	2.959646	0.010501	2.3
44	-0.565807	9.394902	2.964888	0.028668	2.5
45	-0.702712	10.388214	2.871062	0.021188	2.3
46	-0.610339	9.945668	2.912120	0.019312	2.3
47	-0.623133	10.931112	2.822247	0.016454	2.1
48	-0.573206	11.464332	2.775892	0.010447	2.1
49	-0.579259	11.045014	2.812216	0.016712	2.4
50	-0.558384	10.671633	2.845369	0.026131	2.2
51	-0.637225	11.666847	2.758684	0.028704	2.9
52	-0.594488	12.666847	2.676743	0.008121	4.3
53	-0.631021	12.257703	2.709673	0.026603	2.3
54	-0.613343	13.181160	2.636467	0.013867	2.4
55	-0.619918	12.741951	2.670785	0.021583	2.4
56	-0.582153	12.789129	2.667056	0.057193	2.3
57	-0.632510	12.346580	2.702451	0.029064	2.8
58	-0.623226	11.904031	2.738798	0.012962	2.4
59	-0.609474	12.618353	2.680604	0.006488	2.4
60	-0.647335	13.228518	2.632819	0.037275	2.5
61	-0.634097	12.957530	2.653829	0.012885	2.5
62	-0.605481	12.524680	2.688094	0.043989	2.5
63	-0.614089	12.082244	2.724044	0.033672	3.2
64	-0.600564	11.639695	2.760978	0.012790	2.3
65	-0.572259	12.638929	2.678964	0.009712	2.1
66	-0.582992	12.718635	2.672632	0.019852	2.2
67	-0.611693	12.334564	2.703425	0.028238	2.5
68	-0.656637	13.334559	2.624688	0.032554	2.4
69	-0.584506	14.334559	2.550407	0.006416	2.6
70	-0.658806	15.248609	2.486095	0.012431	2.5
71	-0.661785	14.913855	2.509268	0.031340	2.4
72	-0.603890	14.471708	2.540546	0.015493	2.4
73	-0.597870	14.043058	2.571622	0.008433	2.6
74	-0.606515	14.447388	2.542289	0.010337	5.4
75	-0.556169	15.086265	2.497280	0.010197	2.2
76	-0.584445	15.295357	2.482893	0.017023	2.4
77	-0.640870	16.100438	2.429014	0.040773	2.5
78	-0.581476	15.657896	2.458338	0.011282	2.0
79	-0.657076	16.478948	2.404483	0.012588	2.5
80	-0.517060	16.743016	2.387660	0.035390	2.4
81	-0.654743	16.300692	2.415974	0.021565	2.3
82	-0.656451	17.300331	2.352917	0.028101	2.5
83	-0.566670	18.300324	2.293047	0.015764	2.4
84	-0.603072	19.288455	2.236807	0.058342	2.1
85	-0.571402	18.845906	2.261650	0.011550	2.0
86	-0.569533	18.403370	2.287050	0.025590	2.2
87	-0.594465	17.961574	2.312984	0.049661	2.0
88	-0.590848	17.519025	2.339558	0.041028	2.2
89	-0.556836	18.519025	2.280357	0.021080	2.3
90	-0.569959	18.076477	2.306183	0.039949	2.2
91	-0.603318	19.076449	2.248640	0.016246	2.1
92	-0.631941	20.076098	2.193916	0.031399	2.2
93	-0.498205	21.075840	2.141787	0.022924	2.9
94	-0.578532	22.075746	2.092070	0.023917	2.9
95	-0.603326	23.075659	2.044609	0.016228	2.3
96	-0.650004	22.636055	2.065207	0.016473	2.3
97	-0.612739	22.214967	2.085331	0.004815	2.3
98	-0.630019	22.146882	2.088621	0.011487	2.3
99	-0.656993	22.146165	2.088656	0.027230	2.2
100	-0.617716	23.131414	2.042026	0.009758	2.1
101	-0.586814	23.730691	2.014668	0.013333	2.5
102	-0.539847	23.548975	2.022886	0.018320	2.1
103	-0.519607	24.138454	1.996468	0.032040	2.1
104	-0.639195	23.696014	2.016231	0.013722	2.1
105	-0.585551	24.690261	1.972357	0.010649	2.2
106	-0.589840	24.839369	1.965941	0.036375	2.2
107	-0.645328	24.398219	1.985045	0.010427	2.4
108	-0.626093	25.247795	1.948579	0.022589	2.1
109	-0.660384	24.960747	1.960749	0.029453	2.6
110	-0.609599	24.518199	1.979812	0.014752	3.5
111	-0.578271	25.515536	1.937363	0.021030	2.2
112	-0.640657	25.078417	1.955742	0.008935	2.4
113	-0.592734	24.681130	1.972751	0.021283	2.6
114	-0.594469	24.368316	1.986353	0.035883	2.2
115	-0.627006	24.312933	1.988781	0.020107	2.2
116	-0.623593	25.312932	1.945839	0.005940	2.3
117	-0.582891	25.217578	1.949853	0.021275	2.2
118	-0.602671	26.067341	1.914650	0.020332	2.3
119	-0.585187	27.061740	1.875036	0.024354	2.4
120	-0.623057	26.619215	1.892461	0.051801	2.2
121	-0.560903	26.176666	1.910213	0.019077	2.2
122	-0.551326	27.176255	1.870579	0.017363	2.2
123	-0.620911	26.734806	1.887878	0.019350	2.0
124	-0.591609	26.292951	1.905516	0.020521	2.2
125	-0.547833	27.285213	1.866358	0.012925	2.1
126	-0.554023	26.850958	1.883295	0.013825	2.5
127	-0.597391	27.773625	1.847669	0.017716	2.8
128	-0.573101	27.947179	1.841117	0.018375	2.7
129	-0.564008	27.532716	1.856840	0.023897	3.0
130	-0.644006	28.055733	1.837043	0.065974	2.7
131	-0.601751	27.613255	1.853764	0.022328	2.8
132	-0.638568	28.613255	1.816400	0.029114	2.7
133	-0.634108	29.612540	1.780537	0.014412	3.6
134	-0.621902	29.175467	1.796047	0.026916	3.5
135	-0.562661	29.853546	1.772099	0.016173	2.6
136	-0.618761	29.412298	1.787609	0.033787	2.7
137	-0.654712	30.412196	1.752843	0.031927	2.8
138	-0.616034	29.976334	1.767830	0.032510	2.7
139	-0.566374	30.976334	1.733818	0.030717	2.7
140	-0.552429	31.070947	1.730667	0.004219	2.5
141	-0.586380	31.515232	1.716026	0.029948	2.7
142	-0.603765	31.623018	1.712511	0.022399	2.8
143	-0.609189	32.623018	1.680575	0.008318	3.4
144	-0.531629	32.873752	1.672753	0.021014	2.3
145	-0.617228	33.552548	1.651939	0.010224	2.3
146	-0.593173	33.590816	1.650781	0.016593	2.2
147	-0.629143	34.165089	1.633596	0.014630	2.5
148	-0.582084	33.729198	1.646607	0.021852	2.3
149	-0.600093	33.288439	1.659976	0.021733	2.4
150	-0.613088	34.288350	1.629954	0.033199	2.6
151	-0.569319	35.175695	1.604208	0.030948	2.7
152	-0.572922	36.163770	1.576479	0.037626	2.5
153	-0.589163	35.721223	1.588779	0.020170	2.6
154	-0.582293	36.721223	1.561254	0.008655	2.8
155	-0.617428	37.664449	1.536152	0.003947	2.6
156	-0.601500	37.826399	1.531923	0.019922	2.6
157	-0.615561	37.527548	1.539745	0.027310	2.7
158	-0.585850	38.527534	1.513879	0.031455	2.7
159	-0.636181	39.526813	1.488885	0.038365	2.5
160	-0.575829	40.526813	1.464687	0.021339	2.6
161	-0.623895	41.526587	1.441267	0.028118	2.8
162	-0.557705	41.090779	1.451383	0.011819	2.7
163	-0.620218	41.956607	1.431422	0.015993	2.5
164	-0.664699	42.592147	1.417117	0.008240	2.5
165	-0.633990	42.213971	1.425595	0.011005	2.8
166	-0.599957	42.557961	1.417879	0.009144	3.1
167	-0.545834	42.827251	1.411897	0.019530	2.7
168	-0.602119	43.780792	1.391114	0.005971	2.4
169	-0.574845	44.589445	1.373963	0.020267	2.7
170	-0.577001	44.440130	1.377098	0.024189	2.7
171	-0.520171	45.437810	1.356419	0.018974	3.8
172	-0.608657	46.437674	1.336308	0.029773	5.0
173	-0.622674	47.295356	1.319526	0.038362	2.7
174	-0.506881	46.855043	1.328088	0.010927	2.7
175	-0.558641	46.413171	1.336794	0.027075	2.3
176	-0.595485	47.116836	1.322984	0.036307	2.6
177	-0.651395	46.674394	1.331634	0.022790	3.1
178	-0.639154	47.674394	1.312243	0.010536	2.6
179	-0.623396	47.247252	1.320456	0.012208	2.8
180	-0.615843	47.614955	1.313380	0.029654	2.8
181	-0.635866	47.274212	1.319935	0.023874	2.3
182	-0.565423	46.831732	1.328545	0.027225	2.3
183	-0.563909	47.302430	1.319389	0.015060	2.2
184	-0.642012	48.302087	1.300358	0.015093	2.2
185	-0.586917	47.863029	1.308648	0.016534	2.3
186	-0.565617	48.444878	1.297684	0.033237	2.1
187	-0.609526	48.694779	1.293031	0.029155	2.2
188	-0.570142	49.694779	1.274740	0.009852	2.3
189	-0.590032	50.683732	1.257154	0.010700	2.3
190	-0.611452	50.320695	1.263553	0.039196	2.2
191	-0.673254	49.935089	1.270422	0.025735	2.1
192	-0.642344	49.515141	1.277988	0.047515	2.2
193	-0.590226	50.515141	1.260118	0.050943	2.3
194	-0.553289	51.515141	1.242740	0.012532	2.1
195	-0.565826	51.072595	1.250371	0.023864	2.2
196	-0.555428	50.947817	1.252540	0.021889	2.1
197	-0.521321	50.510233	1.260204	0.018726	2.2
198	-0.594084	51.506746	1.242884	0.026982	2.2
199	-0.594603	52.378442	1.228119	0.027712	2.2
200	-0.611354	53.375701	1.211652	0.032571	2.2
201	-0.643129	52.933152	1.218905	0.034744	2.0
202	-0.578301	53.933152	1.202639	0.009431	2.5
203	-0.582793	54.924942	1.186929	0.041241	2.2
204	-0.582818	54.629668	1.191563	0.026267	2.2
205	-0.587918	54.187119	1.198576	0.038427	2.2
206	-0.630350	55.187119	1.182844	0.015447	2.3
207	-0.579414	56.184948	1.167553	0.036536	2.2
208	-0.582109	57.180915	1.152679	0.031445	2.3
209	-0.520851	58.180915	1.138121	0.021547	2.2
210	-0.566358	59.180913	1.123927	0.038807	2.3
211	-0.561699	58.738402	1.130164	0.018666	2.3
212	-0.580672	59.600646	1.118074	0.024069	2.2
213	-0.611430	59.167327	1.124117	0.017481	2.2
214	-0.521438	60.166508	1.110279	0.057097	2.8
215	-0.599584	59.723959	1.116366	0.026770	2.5
216	-0.601613	59.669685	1.117117	0.023507	2.4
217	-0.593788	59.227154	1.123279	0.031467	2.4
218	-0.581751	60.227151	1.109450	0.005900	2.5
219	-0.562200	59.871436	1.114330	0.035606	2.1
220	-0.540443	60.842383	1.101110	0.011748	2.1
221	-0.642166	61.727041	1.089335	0.014145	6.2
222	-0.544474	62.661035	1.077174	0.028590	2.4
223	-0.540283	63.596034	1.065269	0.008896	2.3
224	-0.595802	63.719603	1.063715	0.013776	2.0
225	-0.626865	63.450813	1.067100	0.033633	2.6
226	-0.624777	63.037090	1.072354	0.006714	2.3
227	-0.610533	63.934736	1.061020	0.027688	2.4
228	-0.577238	63.518888	1.066241	0.031294	2.5
229	-0.547550	64.518888	1.053773	0.043090	2.4
230	-0.616649	64.088515	1.059103	0.022522	2.5
231	-0.582523	65.057052	1.047183	0.014553	2.4
232	-0.559351	64.625811	1.052457	0.023205	2.2
233	-0.639605	65.619020	1.040389	0.023296	2.5
234	-0.596877	65.177368	1.045721	0.051387	2.5
235	-0.686895	64.735000	1.051117	0.029028	2.2
236	-0.587074	65.734997	1.038998	0.039134	2.2
237	-0.571708	66.734997	1.027156	0.011037	2.3
238	-0.534615	66.696379	1.027608	0.012520	2.6
239	-0.558487	67.121651	1.022649	0.010098	2.2
240	-0.563947	66.758568	1.026880	0.032707	2.8
241	-0.567920	66.318288	1.032057	0.009990	2.1
242	-0.654864	65.878031	1.037287	0.046042	2.4
243	-0.563751	66.877291	1.025492	0.023492	2.5
244	-0.541130	66.436232	1.030665	0.017329	2.4
245	-0.608448	66.969094	1.024422	0.021701	2.2
246	-0.594886	67.885476	1.013861	0.006583	2.6
247	-0.629669	67.882601	1.013894	0.039385	2.5
248	-0.533707	67.739805	1.015525	0.015966	2.2
249	-0.518782	68.739802	1.004209	0.023699	2.4
250	-0.562329	68.320690	1.008921	0.013325	2.4
251	-0.553846	69.252303	0.998506	0.043352	2.1
252	-0.596790	70.251318	0.987575	0.012841	2.2
253	-0.538627	71.189339	0.977526	0.018420	2.6
254	-0.614651	71.827009	0.970811	0.035220	3.8
255	-0.592942	72.826982	0.960465	0.027923	3.0
256	-0.582900	73.814673	0.950459	0.022615	2.6
257	-0.615619	74.814658	0.940540	0.022096	2.3
258	-0.637033	74.372378	0.944901	0.034054	2.4
259	-0.607391	75.370960	0.935110	0.026497	2.4
260	-0.637653	76.370960	0.925507	0.016846	2.6
261	-0.580845	75.947562	0.929549	0.013623	2.2
262	-0.584798	75.677578	0.932145	0.035480	2.1
263	-0.614421	76.677298	0.922604	0.030365	2.4
264	-0.557661	77.677293	0.913255	0.032490	2.5
265	-0.624584	78.335231	0.907206	0.037698	2.2
266	-0.595242	79.335231	0.898164	0.022274	3.2
267	-0.566811	78.892682	0.902143	0.030906	2.2
268	-0.636981	79.892681	0.893201	0.005540	2.4
269	-0.616740	79.467140	0.896985	0.023614	2.3
270	-0.653987	79.616585	0.895652	0.016212	2.6
271	-0.587932	80.597697	0.887003	0.036470	2.4
272	-0.550230	81.586683	0.878452	0.030269	2.4
273	-0.643092	82.585834	0.869979	0.024757	2.2
274	-0.611069	83.584345	0.861673	0.025827	2.2
275	-0.604046	84.584335	0.853512	0.030111	2.5
276	-0.590077	84.735347	0.852293	0.020738	2.5
277	-0.589862	84.292834	0.855875	0.040417	2.4
278	-0.593432	85.292834	0.847823	0.015503	2.4
279	-0.578505	86.224806	0.840454	0.018335	2.4
280	-0.532710	85.783318	0.843929	0.019670	2.4
281	-0.569656	85.341168	0.847438	0.015645	2.2
282	-0.593297	86.335731	0.839585	0.020719	2.2
283	-0.640150	86.807401	0.835912	0.024871	2.2
284	-0.593728	87.807326	0.828230	0.023336	2.5
285	-0.643702	88.805807	0.820699	0.027096	2.1
286	-0.591281	89.745996	0.813731	0.025385	2.0
287	-0.574784	90.719659	0.806640	0.019972	2.2
288	-0.608966	90.283775	0.809799	0.025430	2.2
289	-0.603507	91.274783	0.802651	0.013827	2.2
290	-0.578733	92.273701	0.795573	0.013444	2.3
291	-0.628307	92.342119	0.795093	0.011543	2.5
292	-0.610720	93.131220	0.789595	0.020628	2.3
293	-0.607089	94.049975	0.783290	0.014396	2.5
294	-0.674684	93.909709	0.784246	0.014946	2.5
295	-0.601582	93.473494	0.787235	0.023009	2.3
296	-0.647015	93.032696	0.790278	0.043044	3.4
297	-0.617412	94.032695	0.783408	0.018630	3.2
298	-0.608320	93.590228	0.786433	0.021573	2.5
299	-0.577900	94.519641	0.780105	0.015744	2.3
300	-0.585070	94.079513	0.783089	0.019789	2.1
301	-0.557635	95.051936	0.776527	0.033552	2.3
302	-0.545963	94.609486	0.779499	0.015917	2.3
303	-0.618997	94.166952	0.782494	0.010642	2.3
304	-0.566290	94.212389	0.782186	0.015523	2.6
305	-0.618590	94.486542	0.780329	0.036049	3.4
306	-0.565234	94.044002	0.783331	0.002399	2.6
307	-0.622452	93.685106	0.785782	0.017672	3.1
308	-0.633289	94.020380	0.783492	0.031162	2.7
309	-0.629360	93.604544	0.786334	0.024898	2.9
310	-0.562711	94.604544	0.779532	0.021902	3.0
311	-0.564229	95.602986	0.772858	0.030861	2.7
312	-0.536088	95.160924	0.775799	0.043036	3.0
313	-0.628391	96.160924	0.769177	0.010016	2.6
314	-0.593367	97.135262	0.762833	0.024317	3.8
315	-0.598447	96.755382	0.765294	0.017729	2.4
316	-0.608451	97.754790	0.758854	0.031171	2.1
317	-0.613786	98.538404	0.753879	0.021750	2.1
318	-0.618811	99.532666	0.747660	0.026326	2.1
319	-0.643061	99.193002	0.749773	0.020457	2.3
320	-0.551198	98.754501	0.752519	0.007237	2.4
321	-0.633681	99.638390	0.747005	0.024400	2.5
322	-0.612296	99.717229	0.746517	0.011352	2.1
323	-0.633295	100.675316	0.740639	0.036772	2.3
324	-0.622666	101.468197	0.735844	0.010894	2.3
325	-0.628162	102.439092	0.730056	0.036505	2.3
326	-0.535299	102.004241	0.732637	0.022223	2.7
327	-0.554839	101.985646	0.732748	0.004123	2.7
328	-0.565826	101.716807	0.734353	0.018649	2.4
329	-0.589515	101.456123	0.735917	0.006176	2.5
330	-0.565820	101.143692	0.737799	0.007836	2.2
331	-0.585770	101.122980	0.737924	0.021283	2.1
332	-0.633264	101.248688	0.737165	0.009248	2.7
333	-0.599204	100.826953	0.739717	0.026299	2.4
334	-0.604865	100.395447	0.742347	0.024722	2.3
335	-0.556753	99.953165	0.745061	0.022917	3.9
336	-0.619907	99.539594	0.747617	0.027314	3.3
337	-0.631828	99.392612	0.748530	0.037852	2.4
338	-0.574241	100.392612	0.742364	0.022556	2.4
339	-0.584138	101.392608	0.736299	0.023480	2.4
340	-0.569700	102.382743	0.730390	0.025125	2.6
341	-0.635296	101.940195	0.733019	0.032071	2.4
342	-0.576238	101.500228	0.735652	0.004304	2.2
343	-0.617675	101.563162	0.735274	0.021574	2.4
344	-0.603157	101.217705	0.737352	0.008904	2.4
345	-0.646622	101.879338	0.733382	0.019740	2.8
346	-0.647032	101.461806	0.735882	0.022296	2.2
347	-0.558671	101.028664	0.738494	0.015924	2.3
348	-0.576228	100.586460	0.741180	0.014025	2.4
349	-0.564732	100.362244	0.742550	0.017439	2.4
350	-0.609417	100.196729	0.743564	0.013318	2.3
351	-0.569471	101.168009	0.737652	0.025477	3.1
352	-0.589845	100.730058	0.740306	0.023994	2.6
353	-0.597412	100.561410	0.741333	0.007252	2.6
354	-0.563285	100.134045	0.743949	0.009825	2.5
355	-0.509519	99.804186	0.745980	0.021312	2.2
356	-0.580525	99.687396	0.746702	0.015501	2.2
357	-0.615698	99.245914	0.749443	0.023027	2.4
358	-0.577149	98.845502	0.751947	0.020940	2.6
359	-0.648303	98.430881	0.754558	0.018941	2.5
360	-0.560748	99.379579	0.748611	0.016081	2.4
361	-0.608380	98.938212	0.751366	0.016497	2.2
362	-0.567055	99.298857	0.749113	0.006388	2.2
363	-0.590151	98.999621	0.750981	0.019623	2.4
364	-0.660397	98.612647	0.753411	0.058511	2.4
365	-0.586833	99.612647	0.747165	0.032783	2.3
366	-0.565035	100.612647	0.741021	0.014366	2.2
367	-0.620087	100.170183	0.743727	0.016576	2.3
368	-0.617338	99.734220	0.746412	0.020826	2.7
369	-0.604851	100.251135	0.743230	0.033117	6.7
370	-0.553613	101.251069	0.737151	0.026096	2.5
371	-0.557280	102.251064	0.731170	0.014877	2.4
372	-0.565664	103.244399	0.725324	0.021911	2.2
373	-0.562349	104.235112	0.719586	0.024148	2.5
374	-0.571880	103.792594	0.722138	0.022833	2.5
375	-0.591489	103.359754	0.724652	0.022124	3.7
376	-0.581812	102.917573	0.727237	0.029993	3.0
377	-0.632882	102.475779	0.729839	0.017838	2.3
378	-0.549051	102.146821	0.731789	0.029983	2.1
379	-0.634964	103.145342	0.725903	0.037418	2.2
380	-0.585211	102.704903	0.728488	0.030602	2.2
381	-0.579214	103.704903	0.722646	0.056878	2.3
382	-0.541803	104.704903	0.716897	0.017287	2.2
383	-0.624351	105.690557	0.711320	0.016631	2.1
384	-0.586336	105.249677	0.713804	0.036909	2.2
385	-0.655165	106.046608	0.709326	0.016876	2.1
386	-0.597206	105.604129	0.711805	0.010267	2.3
387	-0.613042	105.255412	0.713771	0.037777	2.1
388	-0.598868	104.822860	0.716225	0.025466	2.7
389	-0.537673	105.808301	0.710659	0.017954	2.3
390	-0.581157	105.365819	0.713148	0.014466	2.2
391	-0.577173	106.230127	0.708303	0.026205	2.1
392	-0.556045	105.811044	0.710644	0.030817	2.2
393	-0.650375	105.368909	0.713130	0.023137	2.1
394	-0.638539	104.926428	0.715636	0.013123	2.2
395	-0.633329	105.919366	0.710037	0.024415	2.3
396	-0.599839	105.477143	0.712520	0.040865	2.1
397	-0.621380	106.477143	0.706931	0.011306	2.2
398	-0.604885	106.044956	0.709335	0.020553	2.0
399	-0.567124	105.605533	0.711797	0.012955	2.0
400	-0.552309	105.947764	0.709879	0.008438	2.1
401	-0.591072	105.778776	0.710825	0.013199	2.2
402	-0.608975	105.672776	0.711420	0.034392	2.2
403	-0.571307	106.672555	0.705849	0.006547	2.2
404	-0.629980	106.246832	0.708210	0.031786	2.2
405	-0.666470	107.178913	0.703060	0.018130	2.2
406	-0.550615	106.736389	0.705496	0.028632	2.2
407	-0.591825	106.293844	0.707949	0.010963	2.0
408	-0.672901	105.934608	0.709952	0.013116	2.0
409	-0.589849	105.526520	0.712242	0.016742	2.4
410	-0.620484	105.090221	0.714706	0.022784	2.1
411	-0.588422	105.019777	0.715106	0.020154	2.2
412	-0.586791	104.802158	0.716343	0.028815	2.2
413	-0.647259	104.359612	0.718872	0.021010	2.2
414	-0.573324	103.917717	0.721415	0.033962	2.2
415	-0.611888	104.917704	0.715686	0.006729	2.1
416	-0.549633	105.029127	0.715053	0.025592	2.0
417	-0.663812	105.067610	0.714835	0.036918	3.9
418	-0.628999	104.625061	0.717353	0.015476	3.3
419	-0.629516	105.623405	0.711697	0.034989	2.4
420	-0.586250	105.181938	0.714187	0.009895	2.5
421	-0.600521	104.876569	0.715920	0.026811	2.5
422	-0.523197	104.446089	0.718376	0.012356	2.5
423	-0.607529	104.530287	0.717894	0.018434	2.6
424	-0.596944	104.504487	0.718042	0.011651	2.3
425	-0.600723	105.238338	0.713868	0.021674	2.4
426	-0.542794	104.798419	0.716364	0.013874	2.1
427	-0.653573	105.776279	0.710839	0.019070	2.1
428	-0.567306	106.574490	0.706391	0.021742	3.3
429	-0.566949	107.571598	0.700913	0.016931	2.3
430	-0.655143	107.592018	0.700802	0.012512	2.2
431	-0.611925	108.534347	0.695703	0.008032	2.0
432	-0.632247	108.613335	0.695279	0.015039	2.3
433	-0.589515	108.408244	0.696381	0.006951	2.2
434	-0.590711	109.166578	0.692324	0.012183	2.5
435	-0.573472	108.812128	0.694215	0.031539	2.0
436	-0.615136	108.369685	0.696589	0.021004	2.2
437	-0.506088	107.927842	0.698976	0.065999	2.4
438	-0.592235	107.485302	0.701384	0.003406	3.4
439	-0.624792	108.428910	0.696270	0.013594	3.1
440	-0.639569	108.368613	0.696595	0.043763	3.0
441	-0.593132	109.360944	0.691292	0.028182	2.2
442	-0.610763	108.918395	0.693647	0.044093	2.5
443	-0.616487	109.918395	0.688349	0.028897	2.5
444	-0.663934	109.475846	0.690683	0.040037	2.6
445	-0.596099	110.475846	0.685430	0.013984	15.3
446	-0.618819	111.475735	0.680257	0.026587	2.9
447	-0.569588	112.453924	0.675270	0.025479	2.7
448	-0.617433	112.012830	0.677510	0.010990	3.2
449	-0.624765	113.001142	0.672513	0.003160	2.8
450	-0.596480	113.206479	0.671484	0.037795	3.1
451	-0.550987	113.668957	0.669178	0.009727	5.4
452	-0.572874	114.668027	0.664250	0.021557	2.9
453	-0.524780	114.674316	0.664219	0.010651	2.8
454	-0.631198	114.766031	0.663771	0.015159	3.0
455	-0.613034	114.568711	0.664737	0.012159	2.9
456	-0.588249	115.405516	0.660659	0.010030	2.6
457	-0.505551	115.017441	0.662544	0.022660	3.7
458	-0.626695	114.687294	0.664156	0.013889	2.6
459	-0.571233	115.676165	0.659350	0.015060	3.1
460	-0.614355	115.239934	0.661462	0.012132	2.6
461	-0.607390	116.112495	0.657252	0.015065	2.4
462	-0.697571	116.935641	0.653330	0.028339	2.4
463	-0.667146	116.493245	0.655432	0.030362	2.6
464	-0.636976	117.493244	0.650700	0.014767	2.6
465	-0.553747	117.050721	0.652785	0.019926	2.4
466	-0.681346	116.615463	0.654850	0.022889	3.0
467	-0.575160	117.507986	0.650630	0.039850	2.6
468	-0.620751	117.067946	0.652704	0.031444	2.5
469	-0.554802	116.625397	0.654803	0.012511	2.6
470	-0.594576	116.185204	0.656904	0.010069	2.3
471	-0.631280	115.850997	0.658508	0.027606	2.3
472	-0.619370	116.838690	0.653790	0.015427	2.1
473	-0.601297	117.815365	0.649190	0.026979	5.5
474	-0.598250	117.654250	0.649944	0.021794	1.9
475	-0.585190	118.236650	0.647225	0.012791	2.2
476	-0.626954	118.030071	0.648187	0.031067	2.1
477	-0.555627	117.679126	0.649827	0.009512	2.0
478	-0.651877	118.671291	0.645211	0.026314	2.1
479	-0.602912	118.282654	0.647012	0.050516	2.1
480	-0.595012	117.840105	0.649074	0.034477	2.0
481	-0.639354	118.840105	0.644432	0.026458	2.3
482	-0.588115	118.397556	0.646478	0.024910	2.1
483	-0.629951	119.389327	0.641911	0.024672	2.1
484	-0.619924	118.949541	0.643928	0.020978	2.1
485	-0.590227	119.794740	0.640063	0.075394	2.0
486	-0.550251	120.794740	0.635549	0.011606	2.1
487	-0.603513	121.794736	0.631098	0.033955	2.1
488	-0.570481	121.497250	0.632416	0.022033	2.0
489	-0.587732	121.683142	0.631592	0.040265	2.0
490	-0.569884	121.240593	0.633557	0.018647	2.2
491	-0.624213	120.798047	0.635534	0.039137	2.0
492	-0.618127	121.798037	0.631084	0.026912	2.7
493	-0.593406	121.355549	0.633045	0.011738	2.9
494	-0.643246	120.919356	0.634991	0.028544	2.2
495	-0.567557	121.881834	0.630713	0.035988	2.2
496	-0.627075	122.867300	0.626393	0.032423	2.4
497	-0.610250	123.812421	0.622305	0.010902	2.1
498	-0.561397	123.370807	0.624209	0.032876	2.1
499	-0.633554	124.370117	0.619918	0.041497	2.1
500	-0.602664	125.370113	0.615682	0.020728	2.0
501	-0.562126	124.927564	0.617549	0.014727	2.2
502	-0.557804	125.908194	0.613427	0.007225	2.6
503	-0.529463	126.233088	0.612074	0.014896	2.2
504	-0.575580	125.872764	0.613575	0.019659	2.2
505	-0.570726	125.976383	0.613143	0.018336	2.1
506	-0.609789	126.900290	0.609312	0.035058	2.2
507	-0.626275	126.457742	0.611141	0.015647	2.1
508	-0.549840	127.457644	0.607025	0.011916	2.2
509	-0.622131	127.142506	0.608316	0.017172	2.3
510	-0.586701	127.842550	0.605455	0.021201	2.2
511	-0.585235	127.406188	0.607235	0.009570	2.5
512	-0.595496	127.062227	0.608646	0.017136	2.2
513	-0.562113	126.639657	0.610388	0.023670	2.3
514	-0.573155	126.199398	0.612214	0.039637	2.0
515	-0.524984	127.157348	0.608255	0.031051	2.1
516	-0.596654	126.714799	0.610078	0.013834	2.2
517	-0.592899	127.714657	0.605976	0.026462	2.7
518	-0.564010	127.272593	0.607783	0.028363	2.8
519	-0.567164	126.830147	0.609602	0.027837	2.8
520	-0.572759	126.561416	0.610712	0.043368	2.8
521	-0.557495	127.561416	0.606601	0.022336	2.7
522	-0.610665	128.523503	0.602698	0.009448	2.4
523	-0.562189	129.471408	0.598901	0.024773	2.2
524	-0.604560	130.404362	0.595211	0.008061	2.6
525	-0.550852	130.522018	0.594749	0.023537	2.2
526	-0.600388	130.204926	0.595996	0.009419	2.6
527	-0.638055	131.032782	0.592750	0.017276	3.1
528	-0.559057	131.894893	0.589408	0.017773	2.5
529	-0.573420	131.455652	0.591106	0.031906	2.3
530	-0.587505	131.013104	0.592827	0.064928	2.3
531	-0.585361	132.013104	0.588953	0.007632	2.7
532	-0.617146	133.012220	0.585132	0.019969	2.6
533	-0.600653	133.779070	0.582233	0.032387	5.7
534	-0.632642	133.336521	0.583903	0.037380	2.6
535	-0.514654	134.336457	0.580144	0.056548	2.3
536	-0.629857	133.893908	0.581801	0.021435	2.8
537	-0.646192	134.893908	0.578069	0.014047	2.9
538	-0.596963	135.595629	0.575479	0.015100	3.2
539	-0.579923	136.550629	0.571991	0.017989	3.0
540	-0.599774	136.113055	0.573584	0.020271	2.9
541	-0.598436	136.157123	0.573423	0.016597	2.8
542	-0.603866	137.142064	0.569852	0.020679	2.9
543	-0.532587	138.140334	0.566277	0.014352	3.2
544	-0.567998	137.703394	0.567836	0.029404	2.4
545	-0.611513	137.509487	0.568531	0.025010	2.3
546	-0.613209	137.066945	0.570122	0.009556	2.5
547	-0.603705	136.688666	0.571490	0.038738	3.0
548	-0.611163	137.324446	0.569195	0.023083	2.5
549	-0.589913	136.881897	0.570791	0.026403	3.3
550	-0.609965	137.881895	0.567198	0.025253	2.6
551	-0.631945	138.318747	0.565643	0.013143	2.8
552	-0.607725	137.878745	0.567209	0.035442	2.7
553	-0.594843	137.436497	0.568793	0.017258	2.7
554	-0.630534	136.999885	0.570364	0.017164	2.9
555	-0.579805	137.992403	0.566804	0.025179	2.6
556	-0.614338	137.573211	0.568302	0.011741	2.6
557	-0.597237	137.131251	0.569890	0.026005	3.7
558	-0.611305	136.699783	0.571450	0.046919	2.6
559	-0.615065	136.257234	0.573058	0.026037	2.8
560	-0.610237	136.916775	0.570664	0.021705	2.4
561	-0.530392	136.474391	0.572268	0.029001	2.6
562	-0.556960	136.040930	0.573847	0.018170	2.8
563	-0.546703	137.029632	0.570257	0.029438	2.6
564	-0.606500	137.820707	0.567417	0.034750	2.7
565	-0.610486	137.378194	0.569002	0.025307	2.9
566	-0.594425	136.935644	0.570596	0.009985	3.1
567	-0.567546	137.922418	0.567053	0.020577	2.6
568	-0.621491	137.627979	0.568106	0.026486	4.4
569	-0.556704	138.627700	0.564548	0.011396	3.1
570	-0.592529	138.324915	0.565621	0.016520	2.7
571	-0.609634	137.891672	0.567163	0.009901	3.0
572	-0.631865	137.793169	0.567515	0.018959	2.8
573	-0.551069	137.847300	0.567322	0.012619	2.6
574	-0.621346	138.811804	0.563898	0.040927	2.6
575	-0.651096	139.766115	0.560550	0.015611	2.6
576	-0.653035	140.766111	0.557085	0.007333	3.0
577	-0.587556	140.745247	0.557157	0.022907	2.9
578	-0.613394	141.559425	0.554366	0.049155	2.6
579	-0.613314	141.116876	0.555880	0.023164	2.7
580	-0.590314	142.116876	0.552472	0.013288	2.5
581	-0.563895	141.680548	0.553954	0.024365	2.2
582	-0.620583	142.562276	0.550967	0.005216	2.2
583	-0.612774	143.381568	0.548221	0.032514	2.1
584	-0.724088	142.979592	0.549565	0.015146	2.1
585	-0.569670	143.975456	0.546248	0.041369	3.5
586	-0.597173	143.538053	0.547700	0.018889	2.2
587	-0.662671	144.537771	0.544392	0.020965	2.4
588	-0.561793	145.523155	0.541171	0.035926	2.3
589	-0.598142	145.080606	0.542613	0.005044	2.4
590	-0.623425	144.676722	0.543936	0.013229	2.3
591	-0.581558	144.750356	0.543694	0.012941	2.2
592	-0.594046	144.896951	0.543214	0.032141	2.3
593	-0.574895	145.896390	0.539961	0.025954	2.3
594	-0.584267	146.896389	0.536745	0.035119	2.5
595	-0.678948	147.893322	0.533576	0.033002	2.5
596	-0.547789	148.893321	0.530436	0.020130	2.5
597	-0.556583	148.450779	0.531821	0.012190	2.4
598	-0.667169	148.015966	0.533189	0.036473	2.2
599	-0.595845	149.011695	0.530066	0.021770	2.7
600	-0.574406	148.569359	0.531449	0.017450	2.5
601	-0.611257	149.526550	0.528466	0.013035	2.3
602	-0.579943	149.132792	0.529689	0.033435	2.1
603	-0.600270	148.699344	0.531042	0.021810	2.5
604	-0.565177	148.256795	0.532431	0.026606	2.4
605	-0.594107	149.256788	0.529303	0.018461	2.6
606	-0.629321	150.254012	0.526221	0.025610	2.6
607	-0.591723	149.812101	0.527583	0.022985	3.1
608	-0.625477	150.812095	0.524512	0.024426	2.8
609	-0.637516	151.812078	0.521477	0.004712	2.3
610	-0.586945	152.450156	0.519558	0.031633	2.3
611	-0.583481	152.103183	0.520600	0.030033	2.4
612	-0.613358	151.661097	0.521933	0.011776	2.3
613	-0.600601	151.219314	0.523272	0.014504	2.6
614	-0.592225	151.106679	0.523614	0.026909	2.6
615	-0.531619	150.678698	0.524919	0.018911	2.5
616	-0.552159	150.237014	0.526273	0.024032	2.8
617	-0.595393	151.043158	0.523807	0.020754	2.3
618	-0.538597	151.233538	0.523228	0.003786	2.2
619	-0.621600	151.501161	0.522417	0.032320	2.6
620	-0.701918	151.785458	0.521557	0.032654	2.7
621	-0.597449	151.342909	0.522896	0.024259	2.4
622	-0.546988	150.900360	0.524243	0.013777	2.5
623	-0.627041	150.481857	0.525522	0.015598	2.7
624	-0.593261	150.064566	0.526804	0.038427	2.5
625	-0.616833	151.062600	0.523748	0.018284	2.2
626	-0.605601	150.627960	0.525075	0.018662	2.0
627	-0.635383	151.103469	0.523624	0.022489	2.4
628	-0.603988	150.666454	0.524957	0.020163	2.0
629	-0.616698	150.980332	0.523999	0.012539	2.5
630	-0.542503	150.702468	0.524847	0.041606	2.5
631	-0.592327	151.702367	0.521808	0.031042	2.3
632	-0.600609	152.702207	0.518805	0.025274	2.4
633	-0.542046	153.702191	0.515835	0.026602	2.5
634	-0.589401	154.698424	0.512910	0.016019	2.6
635	-0.583362	155.698162	0.510008	0.027620	2.5
636	-0.579635	155.258715	0.511280	0.018513	2.4
637	-0.593888	155.140209	0.511624	0.024320	3.7
638	-0.602719	156.130142	0.508764	0.021343	3.1
639	-0.593936	157.116527	0.505947	0.030286	2.5
640	-0.623450	158.112568	0.503133	0.020932	2.6
641	-0.550297	159.104670	0.500362	0.018850	2.2
642	-0.562179	160.103707	0.497602	0.018438	2.2
643	-0.610617	159.662421	0.498817	0.023966	2.1
644	-0.660811	160.662290	0.496072	0.024102	2.3
645	-0.610117	161.584143	0.493567	0.005595	2.2
646	-0.531201	162.299076	0.491642	0.011973	3.0
647	-0.606482	162.612020	0.490804	0.021080	2.0
648	-0.534743	162.176753	0.491970	0.008888	2.0
649	-0.611721	163.131952	0.489418	0.036330	2.6
650	-0.640032	164.096123	0.486869	0.026439	2.3
651	-0.616685	163.653574	0.488035	0.027508	2.2
652	-0.553915	164.653573	0.485407	0.023536	2.8
653	-0.637026	164.871902	0.484837	0.023881	2.3
654	-0.603188	165.871893	0.482242	0.003470	2.5
655	-0.631424	165.784475	0.482468	0.030245	2.3
656	-0.566461	165.418779	0.483414	0.016677	2.5
657	-0.619934	164.988544	0.484532	0.018761	2.4
658	-0.613063	164.547793	0.485683	0.025021	2.5
659	-0.553090	164.106002	0.486843	0.008447	2.5
660	-0.619829	163.688137	0.487944	0.010556	2.4
661	-0.591484	164.371856	0.486144	0.021470	2.4
662	-0.634539	163.952517	0.487247	0.006808	2.2
663	-0.631632	163.573456	0.488247	0.014665	2.4
664	-0.516725	163.662624	0.488012	0.008547	2.6
665	-0.536909	164.509403	0.485784	0.022872	2.6
666	-0.622519	164.777378	0.485083	0.005732	2.4
667	-0.550560	164.397879	0.486076	0.011652	2.2
668	-0.584145	164.509113	0.485785	0.034265	2.5
669	-0.602419	165.506266	0.483187	0.018232	2.5
670	-0.606633	165.065070	0.484333	0.028341	2.0
671	-0.578015	166.064382	0.481746	0.008866	2.4
672	-0.634412	165.633199	0.482859	0.008955	2.1
673	-0.580358	166.061531	0.481753	0.030386	2.3
674	-0.562264	165.674629	0.482752	0.018238	2.4
675	-0.601199	166.419102	0.480834	0.014108	2.2
676	-0.594352	166.707413	0.480096	0.032896	2.3
677	-0.667881	166.383484	0.480925	0.032010	2.3
678	-0.574489	167.383484	0.478373	0.035937	2.4
679	-0.669432	168.275150	0.476119	0.024319	1.9
680	-0.599160	168.369736	0.475881	0.011417	2.1
681	-0.546608	167.933844	0.476979	0.028446	3.0
682	-0.608260	167.491694	0.478098	0.029789	2.6
683	-0.612864	168.452685	0.475673	0.029789	2.2
684	-0.515808	168.010136	0.476787	0.038234	2.6
685	-0.639561	169.009499	0.474279	0.007710	2.2
686	-0.609886	168.678967	0.475105	0.029009	1.9
687	-0.632132	168.263190	0.476149	0.058665	2.1
688	-0.596318	169.263190	0.473646	0.003610	2.1
689	-0.531606	170.081807	0.471617	0.010692	2.1
690	-0.609710	170.107744	0.471553	0.021521	2.1
691	-0.616865	169.757841	0.472418	0.030002	2.2
692	-0.590564	169.318699	0.473508	0.008811	2.5
693	-0.637444	170.259423	0.471179	0.011058	2.1
694	-0.592728	170.445693	0.470721	0.033893	2.0
695	-0.586955	170.366496	0.470916	0.014833	2.0
696	-0.545975	170.133956	0.471489	0.032726	2.1
697	-0.589502	169.691415	0.472583	0.034143	2.0
698	-0.514986	169.248866	0.473682	0.018761	2.1
699	-0.596939	168.806317	0.474787	0.036298	2.2
700	-0.659888	169.806313	0.472298	0.009871	2.1
701	-0.581847	170.381893	0.470878	0.014218	2.2
702	-0.564563	170.013746	0.471785	0.025654	2.2
703	-0.587266	170.404406	0.470822	0.017425	2.4
704	-0.597137	169.974168	0.471883	0.027607	2.1
705	-0.606043	169.587434	0.472841	0.035910	2.2
706	-0.577115	169.618355	0.472764	0.023999	2.1
707	-0.635525	169.175806	0.473864	0.015946	2.0
708	-0.626154	168.734506	0.474966	0.072867	2.2
709	-0.596878	168.297436	0.476063	0.029198	2.0
710	-0.591108	167.857205	0.477173	0.022269	1.9
711	-0.649055	168.855821	0.474663	0.029067	2.0
712	-0.558005	168.413272	0.475772	0.019867	3.5
713	-0.566829	167.991337	0.476834	0.026059	2.4
714	-0.578982	167.548807	0.477953	0.030849	8.7
715	-0.557643	167.112564	0.479062	0.022708	2.1
716	-0.615365	166.670015	0.480191	0.011313	2.7
717	-0.567813	166.231575	0.481316	0.032495	2.1
718	-0.642078	165.789138	0.482456	0.007769	2.5
719	-0.517769	165.402171	0.483457	0.019795	2.3
720	-0.633145	166.100498	0.481653	0.034649	2.1
721	-0.575627	165.658169	0.482794	0.027966	2.3
722	-0.576113	165.219786	0.483931	0.016620	2.1
723	-0.637223	165.774921	0.482492	0.040524	3.7
724	-0.612153	166.771405	0.479932	0.008449	3.3
725	-0.612547	167.767931	0.477398	0.019642	2.2
726	-0.537865	167.409847	0.478306	0.012839	2.2
727	-0.591200	166.990159	0.479373	0.018338	2.6
728	-0.604967	166.606964	0.480353	0.021507	2.5
729	-0.641119	167.597992	0.477828	0.016693	2.6
730	-0.559781	167.177066	0.478897	0.012755	2.6
731	-0.623184	168.133061	0.476477	0.020829	2.5
732	-0.597130	169.031620	0.474224	0.014184	2.4
733	-0.668893	170.022886	0.471763	0.019830	2.6
734	-0.601933	170.008289	0.471799	0.013495	2.4
735	-0.555964	170.320333	0.471029	0.028850	7.4
736	-0.598047	171.277012	0.468686	0.022435	2.3
737	-0.598086	172.169665	0.466520	0.037347	2.3
738	-0.669867	173.169325	0.464118	0.012036	2.4
739	-0.604981	174.169089	0.461741	0.006429	2.5
740	-0.531424	173.925052	0.462319	0.021683	2.5
741	-0.674439	174.558295	0.460822	0.008927	2.4
742	-0.659782	175.438760	0.458756	0.023897	2.4
743	-0.618006	176.382082	0.456564	0.041699	2.2
744	-0.621945	177.160860	0.454769	0.019293	2.4
745	-0.544933	178.160855	0.452486	0.011635	2.6
746	-0.605854	178.977553	0.450638	0.019041	2.4
747	-0.531693	178.948292	0.450704	0.013319	2.5
748	-0.539929	178.507454	0.451700	0.029927	2.3
749	-0.615590	178.315471	0.452135	0.018737	2.5
750	-0.592329	177.872963	0.453141	0.024047	3.2
751	-0.523479	178.590968	0.451511	0.018695	2.2
752	-0.608931	179.287047	0.449942	0.013585	2.5
753	-0.612114	178.869172	0.450882	0.034361	2.5
754	-0.574347	179.829072	0.448727	0.018585	2.3
755	-0.626650	179.386523	0.449718	0.032487	2.3
756	-0.619377	178.944066	0.450714	0.046496	2.4
757	-0.598488	178.501517	0.451713	0.031929	2.4
758	-0.537517	179.501517	0.449460	0.027221	2.5
759	-0.584707	179.059027	0.450455	0.029738	2.5
760	-0.571978	178.616530	0.451453	0.023209	2.5
761	-0.589499	178.173988	0.452456	0.033967	5.2
762	-0.586397	179.173987	0.450196	0.034358	2.5
763	-0.557967	178.731438	0.451193	0.013071	2.8
764	-0.658096	178.288915	0.452195	0.027700	3.0
765	-0.577226	177.848385	0.453197	0.014634	2.7
766	-0.656866	178.785795	0.451071	0.055319	2.2
767	-0.594496	179.785781	0.448824	0.023645	2.7
768	-0.551790	179.343232	0.449816	0.015922	2.7
769	-0.617859	178.901824	0.450809	0.028885	2.9
770	-0.634570	178.700955	0.451262	0.011533	2.1
771	-0.622639	179.673345	0.449076	0.009939	2.1
772	-0.606211	180.415202	0.447422	0.010700	2.1
773	-0.616733	180.926126	0.446289	0.013462	2.2
774	-0.624301	181.111249	0.445881	0.031066	2.2
775	-0.599427	180.668756	0.446859	0.024376	2.2
776	-0.596270	181.668740	0.444654	0.008996	2.1
777	-0.564227	182.601095	0.442618	0.007631	2.1
778	-0.534743	182.509787	0.442817	0.043116	2.1
779	-0.576667	182.720816	0.442358	0.027078	2.0
780	-0.618797	182.278267	0.443321	0.015121	2.1
781	-0.605044	183.228014	0.441259	0.009712	2.0
782	-0.503331	182.898401	0.441973	0.018995	1.9
783	-0.594787	183.011485	0.441728	0.022553	2.2
784	-0.649721	182.644930	0.442523	0.019807	2.1
785	-0.563417	183.643159	0.440364	0.016340	2.1
786	-0.589460	183.311430	0.441079	0.024394	2.1
787	-0.563765	182.869599	0.442035	0.016655	2.1
788	-0.601668	182.495093	0.442848	0.033978	2.2
789	-0.642121	182.166840	0.443564	0.039490	2.2
790	-0.556696	181.724290	0.444532	0.022391	2.0
791	-0.572911	181.426310	0.445187	0.027035	2.0
792	-0.571795	181.377798	0.445293	0.017220	2.1
793	-0.647962	181.841906	0.444275	0.020447	2.2
794	-0.588552	182.708529	0.442384	0.022693	2.0
795	-0.606421	182.290113	0.443295	0.015108	2.1
796	-0.558222	181.856685	0.444242	0.008526	2.0
797	-0.598543	182.249978	0.443383	0.027237	2.3
798	-0.585968	181.816689	0.444330	0.010767	2.2
799	-0.560207	181.386245	0.445275	0.028721	2.2
800	-0.615911	180.945072	0.446248	0.008044	2.1
801	-0.697142	180.657964	0.446883	0.011306	2.1
802	-0.559371	181.333905	0.445390	0.012229	2.4
803	-0.582652	180.994675	0.446138	0.012036	2.1
804	-0.584344	180.947682	0.446242	0.014998	2.4
805	-0.587373	181.399016	0.445247	0.020905	2.8
806	-0.607729	181.706410	0.444572	0.029208	2.6
807	-0.596774	182.706314	0.442389	0.030293	2.4
808	-0.579012	182.263796	0.443352	0.023087	2.1
809	-0.670414	181.821248	0.444320	0.036859	1.9
810	-0.600990	181.378699	0.445291	0.033155	2.2
811	-0.582319	180.944240	0.446249	0.005873	3.1
812	-0.565837	180.586999	0.447040	0.012964	2.8
813	-0.617681	180.999050	0.446128	0.010922	2.6
814	-0.564315	180.602806	0.447005	0.011180	2.8
815	-0.579874	180.363876	0.447536	0.039313	2.6
816	-0.615709	179.921356	0.448521	0.034509	3.3
817	-0.620751	179.478807	0.449511	0.014987	2.7
818	-0.546796	179.036285	0.450506	0.032393	2.7
819	-0.541565	180.036137	0.448265	0.014879	2.6
820	-0.575508	179.593738	0.449254	0.007496	3.0
821	-0.599922	179.791240	0.448812	0.040011	2.5
822	-0.577173	179.875664	0.448623	0.029922	2.5
823	-0.601746	180.875220	0.446402	0.051325	2.4
824	-0.612062	180.432671	0.447383	0.038204	2.2
825	-0.644205	181.432671	0.445173	0.015704	2.2
826	-0.644349	182.432523	0.442985	0.028569	2.2
827	-0.601337	183.384566	0.440921	0.033448	2.4
828	-0.568406	182.942019	0.441878	0.011268	4.0
829	-0.653259	182.502030	0.442833	0.011254	2.3
830	-0.621345	182.655314	0.442500	0.018160	2.7
831	-0.639272	182.270406	0.443338	0.027620	2.4
832	-0.584626	181.901846	0.444143	0.018216	2.3
833	-0.643561	181.466533	0.445098	0.037734	2.7
834	-0.620158	181.023994	0.446073	0.032254	2.9
835	-0.605290	180.581444	0.447053	0.040024	2.9
836	-0.623855	180.138895	0.448036	0.009533	3.3
837	-0.613561	179.696507	0.449024	0.014781	2.6
838	-0.597798	179.279790	0.449958	0.021976	2.8
839	-0.579977	180.100531	0.448122	0.036318	3.0
840	-0.679283	179.660480	0.449104	0.028670	2.6
841	-0.647505	179.250926	0.450023	0.017458	2.9
842	-0.564281	178.808390	0.451020	0.015464	5.1
843	-0.552556	178.367187	0.452018	0.030630	2.6
844	-0.587160	179.367098	0.449762	0.015511	3.5
845	-0.526321	178.927483	0.450751	0.014291	2.7
846	-0.629575	178.662967	0.451348	0.021180	2.4
847	-0.611140	178.224150	0.452342	0.014224	2.9
848	-0.660789	177.783173	0.453346	0.021058	2.9
849	-0.524227	178.772408	0.451101	0.016547	3.5
850	-0.597652	179.363320	0.449770	0.022986	2.4
851	-0.596075	180.360608	0.447543	0.016241	2.0
852	-0.590641	181.352264	0.445350	0.037776	2.2
853	-0.566763	180.909732	0.446326	0.007768	2.3
854	-0.634473	180.468464	0.447303	0.024810	2.1
855	-0.652934	180.051081	0.448232	0.011852	2.3
856	-0.628511	179.746419	0.448912	0.024565	2.7
857	-0.667666	179.315881	0.449877	0.022726	2.4
858	-0.577534	180.315700	0.447643	0.040518	2.3
859	-0.642025	179.873297	0.448629	0.011245	2.4
860	-0.664384	180.513606	0.447203	0.048255	2.5
861	-0.641758	180.071066	0.448187	0.018754	2.4
862	-0.578250	179.901969	0.448565	0.024490	2.7
863	-0.598582	180.900812	0.446345	0.028694	2.1
864	-0.575241	180.556531	0.447108	0.020458	2.5
865	-0.627384	180.113985	0.448092	0.027086	2.2
866	-0.662868	179.921046	0.448522	0.028388	2.4
867	-0.523189	180.921046	0.446301	0.026180	2.6
868	-0.600210	181.921045	0.444101	0.013637	2.5
869	-0.661983	181.481419	0.445065	0.032857	2.3
870	-0.590421	182.481273	0.442879	0.038021	2.1
871	-0.611763	183.481273	0.440713	0.016945	2.0
872	-0.588251	184.481017	0.438568	0.040104	2.0
873	-0.557776	185.480984	0.436445	0.026144	2.1
874	-0.604629	185.038435	0.437382	0.022845	2.6
875	-0.550543	186.038424	0.435269	0.024559	2.7
876	-0.638152	185.596407	0.436201	0.007244	2.2
877	-0.564085	185.253663	0.436926	0.032130	2.3
878	-0.591345	185.766400	0.435842	0.038097	2.7
879	-0.597676	186.283078	0.434756	0.050230	2.4
880	-0.627417	185.840529	0.435686	0.045465	2.3
881	-0.591046	185.397980	0.436620	0.014952	2.2
882	-0.643703	184.956480	0.437556	0.043174	2.3
883	-0.510970	185.839946	0.435687	0.017789	3.3
884	-0.556290	186.839944	0.433591	0.027833	2.9
885	-0.575204	186.397419	0.434516	0.038020	2.1
886	-0.552010	187.393172	0.432440	0.013972	2.2
887	-0.587181	188.373320	0.430415	0.034971	2.6
888	-0.637800	187.931323	0.431326	0.020542	2.5
889	-0.621645	188.250566	0.430668	0.026289	2.1
890	-0.628501	189.184649	0.428754	0.023870	2.1
891	-0.613047	188.742100	0.429659	0.040978	2.2
892	-0.647677	189.742100	0.427620	0.013862	2.2
893	-0.647610	189.300816	0.428517	0.025548	2.1
894	-0.588689	188.858718	0.429420	0.021879	2.8
895	-0.641281	188.417896	0.430324	0.013050	2.3
896	-0.556410	188.188401	0.430796	0.034450	2.4
897	-0.577598	188.284818	0.430597	0.014510	2.2
898	-0.627978	187.842282	0.431510	0.015167	2.2
899	-0.585424	187.459342	0.432302	0.021231	2.4
900	-0.625848	187.017189	0.433221	0.018993	2.9
901	-0.618951	188.016913	0.431149	0.019405	2.4
902	-0.600447	189.016301	0.429098	0.020077	3.4
903	-0.499752	188.574890	0.430001	0.020268	2.1
904	-0.598892	189.541282	0.428028	0.035618	2.8
905	-0.628409	190.541252	0.426004	0.033545	2.0
906	-0.626538	191.541252	0.424000	0.022351	2.4
907	-0.641824	191.145901	0.424790	0.011592	2.1
908	-0.580442	190.863205	0.425357	0.014834	2.6
909	-0.563408	191.745315	0.423593	0.027424	2.4
910	-0.617147	192.737094	0.421628	0.011931	2.1
911	-0.595854	192.329340	0.422434	0.009711	2.3
912	-0.652912	192.196853	0.422696	0.020445	2.2
913	-0.589810	192.397887	0.422298	0.033069	3.4
914	-0.618550	192.230048	0.422630	0.022845	2.7
915	-0.619411	191.787927	0.423508	0.027790	2.9
916	-0.629691	191.345849	0.424390	0.009767	3.5
917	-0.535253	192.339207	0.422414	0.013842	2.6
918	-0.645395	192.108387	0.422872	0.026103	7.6
919	-0.636425	192.362340	0.422368	0.015331	5.0
920	-0.599684	191.923739	0.423238	0.024345	3.4
921	-0.592963	191.483451	0.424115	0.024929	6.8
922	-0.606426	191.040904	0.425001	0.021146	2.8
923	-0.587803	192.040670	0.423006	0.024148	2.7
924	-0.575608	193.040541	0.421030	0.017700	2.7
925	-0.563700	193.463537	0.420200	0.032244	4.5
926	-0.561365	194.462549	0.418251	0.035319	2.9
927	-0.597667	194.019999	0.419112	0.028782	3.7
928	-0.572776	193.577488	0.419976	0.034859	2.8
929	-0.564059	194.574838	0.418033	0.016857	3.8
930	-0.609007	194.132290	0.418893	0.055576	3.3
931	-0.602278	193.736056	0.419666	0.018129	2.7
932	-0.573512	194.731825	0.417729	0.023548	3.0
933	-0.557675	195.690821	0.415881	0.012417	2.8
934	-0.628300	195.853166	0.415569	0.039651	2.6
935	-0.572926	196.700911	0.413951	0.038434	3.1
936	-0.604966	196.266345	0.414779	0.034442	14.7
937	-0.556203	197.266344	0.412879	0.014502	2.6
938	-0.544854	198.266154	0.410996	0.050238	2.5
939	-0.535207	197.823617	0.411827	0.013805	2.7
940	-0.667594	198.823617	0.409954	0.022388	2.6
941	-0.587901	199.759871	0.408215	0.019383	2.6
942	-0.604851	199.329696	0.409012	0.042438	3.0
943	-0.533374	200.329693	0.407164	0.039528	2.7
944	-0.648719	201.326060	0.405339	0.030595	2.6
945	-0.633739	202.326059	0.403524	0.025630	2.6
946	-0.636269	202.272110	0.403622	0.023120	2.8
947	-0.531226	201.840496	0.404404	0.015678	4.8
948	-0.575383	202.838979	0.402600	0.041351	4.0
949	-0.579067	203.838978	0.400809	0.029832	3.5
950	-0.562579	204.838978	0.399034	0.005300	2.5
951	-0.546299	204.453810	0.399716	0.051927	2.9
952	-0.649446	205.447327	0.397962	0.035851	3.2
953	-0.555967	205.004778	0.398742	0.028666	2.6
954	-0.590070	204.869486	0.398980	0.027958	2.2
955	-0.590554	205.868601	0.397223	0.036767	2.2
956	-0.523899	206.868601	0.395480	0.034413	2.1
957	-0.603703	207.824483	0.393828	0.024168	2.1
958	-0.605798	208.816087	0.392129	0.033777	2.1
959	-0.587025	209.815051	0.390432	0.024551	2.6
960	-0.660125	210.814930	0.388748	0.003736	2.1
961	-0.635602	211.325030	0.387894	0.012033	2.0
962	-0.561564	211.297051	0.387941	0.040501	2.0
963	-0.568460	212.296944	0.386278	0.018700	2.0
964	-0.654039	213.095845	0.384960	0.023591	2.0
965	-0.583797	214.095632	0.383323	0.029072	2.1
966	-0.570945	213.653084	0.384046	0.006786	2.2
967	-0.573137	213.217132	0.384760	0.010023	2.0
968	-0.607183	213.621439	0.384097	0.011426	2.2
969	-0.586851	213.998643	0.383481	0.020012	1.9
970	-0.594594	213.587046	0.384154	0.033611	2.1
971	-0.627886	214.587034	0.382523	0.026176	2.0
972	-0.579536	214.144484	0.383243	0.025096	2.1
973	-0.556177	213.702042	0.383966	0.030143	2.2
974	-0.674929	213.259493	0.384691	0.029317	2.0
975	-0.601124	212.816945	0.385419	0.025348	2.0
976	-0.555676	213.328640	0.384577	0.028690	1.9
977	-0.614545	214.328637	0.382943	0.024427	2.1
978	-0.637950	213.886088	0.383665	0.039372	2.2
979	-0.588725	213.443539	0.384389	0.014268	2.3
980	-0.545051	214.443072	0.382757	0.036066	2.7
981	-0.586344	214.000641	0.383478	0.020909	2.3
982	-0.571444	215.000640	0.381853	0.015422	2.1
983	-0.578401	214.895008	0.382024	0.026784	2.0
984	-0.588737	215.893148	0.380414	0.014248	2.2
985	-0.551302	216.134158	0.380027	0.027608	2.2
986	-0.533280	215.692200	0.380737	0.032060	2.3
987	-0.587173	215.268332	0.381420	0.030903	2.3
988	-0.653746	214.825783	0.382136	0.005456	2.0
989	-0.565050	215.731269	0.380674	0.026873	2.0
990	-0.654932	216.579172	0.379316	0.004347	2.1
991	-0.575038	216.842330	0.378896	0.025346	2.0
992	-0.577408	216.610809	0.379265	0.025138	2.1
993	-0.575266	217.610783	0.377676	0.016299	2.1
994	-0.584839	218.583433	0.376142	0.019860	3.1
995	-0.661566	218.173254	0.376788	0.026035	2.3
996	-0.563226	218.362997	0.376489	0.046249	2.2
997	-0.617374	217.921564	0.377184	0.025039	2.5
998	-0.544962	217.479015	0.377884	0.017179	4.1
999	-0.613183	218.478873	0.376307	0.008452	2.6
