1:ItNr	2:Metric	3a:Time	3b:StepSize	4:||Gradient||	Time[ms]
0	-0.345537	0.000000	5.934455	0.029777	493.3
1	-0.334979	0.000000	5.934455	0.026999	2.5
2	-0.314534	0.000000	5.934455	0.024840	2.2
3	-0.353070	0.000000	5.934455	0.033996	2.3
4	-0.333745	0.000000	5.934455	0.029501	2.3
5	-0.338730	0.000000	5.934455	0.022384	2.5
6	-0.356766	0.000000	5.934455	0.037794	2.2
7	-0.382628	0.000000	5.934455	0.036595	2.6
8	-0.371425	0.000000	5.934455	0.022755	2.2
9	-0.377223	0.000000	5.934455	0.014457	2.2
10	-0.367079	0.000000	5.934455	0.018032	2.4
11	-0.363185	0.000000	5.934455	0.018057	2.1
12	-0.410667	0.000000	5.934455	0.018275	2.3
13	-0.482847	0.000000	5.934455	0.043977	2.3
14	-0.361327	0.000000	5.934455	0.021592	2.2
15	-0.376145	0.000000	5.934455	0.044961	2.3
16	-0.421391	0.000000	5.934455	0.026841	2.2
17	-0.344544	0.000000	5.934455	0.024956	2.4
18	-0.378782	0.000000	5.934455	0.032107	2.2
19	-0.419395	0.000000	5.934455	0.044124	2.2
20	-0.421090	0.000000	5.934455	0.027201	2.6
21	-0.406338	0.000000	5.934455	0.055377	2.3
22	-0.399814	0.000000	5.934455	0.024660	2.3
23	-0.456154	0.000000	5.934455	0.043197	2.2
24	-0.488217	0.000000	5.934455	0.024226	1.9
25	-0.483826	0.000000	5.934455	0.033189	2.2
26	-0.458238	0.000000	5.934455	0.018786	2.3
27	-0.481971	0.000000	5.934455	0.012510	2.4
28	-0.479421	0.000000	5.934455	0.019506	2.3
29	-0.473011	0.000000	5.934455	0.039196	3.1
30	-0.459303	0.000000	5.934455	0.027686	2.4
31	-0.458236	1.000000	5.664707	0.027268	2.2
32	-0.373804	0.579700	5.775036	0.024442	2.2
33	-0.486078	0.159400	5.889749	0.023953	2.3
34	-0.420746	0.000000	5.934455	0.029965	2.3
35	-0.472346	1.000000	5.664707	0.017054	2.2
36	-0.505011	2.000000	5.418415	0.011358	2.3
37	-0.495010	1.580003	5.519200	0.008354	2.5
38	-0.468888	1.184958	5.617480	0.015814	2.5
39	-0.510036	2.066382	5.402822	0.009586	2.3
40	-0.428240	3.002982	5.192003	0.015873	2.8
41	-0.490218	3.803450	5.024444	0.025708	4.9
42	-0.479121	3.384702	5.110727	0.018335	2.8
43	-0.448499	4.335236	4.918981	0.007204	2.9
44	-0.494738	3.936296	4.997677	0.045161	2.7
45	-0.444800	4.887231	4.814094	0.009387	3.1
46	-0.483569	5.887164	4.635058	0.023094	2.6
47	-0.527706	5.596751	4.685668	0.011522	3.0
48	-0.491631	6.431269	4.543120	0.016782	2.7
49	-0.455316	7.426317	4.384091	0.007831	2.8
50	-0.472118	7.008100	4.449554	0.016877	3.1
51	-0.455807	7.983370	4.299830	0.032125	2.6
52	-0.496417	7.563072	4.363101	0.016814	3.1
53	-0.465541	8.562644	4.215575	0.011149	2.8
54	-0.494204	9.525859	4.082557	0.012635	2.6
55	-0.457176	10.505196	3.955651	0.014941	2.3
56	-0.527231	11.056012	3.887681	0.014946	2.5
57	-0.516873	12.052617	3.770460	0.029185	2.6
58	-0.468745	11.632317	3.819023	0.013324	2.3
59	-0.424535	12.632314	3.705471	0.017022	2.3
60	-0.467625	12.213515	3.752194	0.015952	3.0
61	-0.458434	11.793632	3.800236	0.010378	2.2
62	-0.454745	11.765695	3.803477	0.014900	2.6
63	-0.493633	11.363691	3.850721	0.019942	2.6
64	-0.460874	12.363543	3.735321	0.014786	2.7
65	-0.473879	12.034608	3.772515	0.017079	2.7
66	-0.500914	12.045378	3.771285	0.014949	2.5
67	-0.461533	11.735872	3.806942	0.010606	2.5
68	-0.426304	11.318068	3.856157	0.011049	2.2
69	-0.483414	12.074188	3.768000	0.021964	2.2
70	-0.519637	13.016537	3.663617	0.027488	2.4
71	-0.373628	14.016537	3.558991	0.007835	2.5
72	-0.484593	13.616897	3.600079	0.054868	2.9
73	-0.491822	14.561670	3.504435	0.009322	2.6
74	-0.500634	15.561670	3.408585	0.006204	2.7
75	-0.520075	15.277156	3.435318	0.026127	4.2
76	-0.503791	16.258692	3.344818	0.014180	5.9
77	-0.447511	15.838872	3.382936	0.012605	3.0
78	-0.424501	15.424033	3.421465	0.009434	2.9
79	-0.430040	16.383172	3.333681	0.016437	3.7
80	-0.480239	17.322463	3.251971	0.006360	2.8
81	-0.437082	18.284940	3.172298	0.023783	2.5
82	-0.520463	19.280654	3.093881	0.008587	2.5
83	-0.499223	18.860622	3.126483	0.014415	3.0
84	-0.534042	18.475935	3.156950	0.010393	2.4
85	-0.494199	18.066634	3.190025	0.011484	2.6
86	-0.429747	18.963185	3.118459	0.012507	2.3
87	-0.498816	19.860749	3.049958	0.012986	2.3
88	-0.405703	19.441167	3.081601	0.006983	2.4
89	-0.486986	19.658381	3.065138	0.027175	2.5
90	-0.481484	19.238274	3.097140	0.012948	2.3
91	-0.432821	18.818580	3.129784	0.020463	2.3
92	-0.547679	18.422724	3.161211	0.018488	2.4
93	-0.463079	18.002513	3.195270	0.007808	2.5
94	-0.464925	18.048197	3.191532	0.009210	2.5
95	-0.482398	17.698847	3.220343	0.016050	2.5
96	-0.522286	17.286143	3.255056	0.008503	2.6
97	-0.428359	18.258240	3.174456	0.003543	2.4
98	-0.504684	18.657813	3.142472	0.008140	2.4
99	-0.507424	18.657391	3.142505	0.011836	2.4
100	-0.481866	18.418713	3.161533	0.011868	2.4
101	-0.559769	18.196317	3.179471	0.014389	2.4
102	-0.513691	19.179866	3.101642	0.017203	2.4
103	-0.435032	20.173823	3.026767	0.034727	2.4
104	-0.439681	21.173823	2.954998	0.015583	2.3
105	-0.423714	20.753523	2.984743	0.009095	2.4
106	-0.461917	20.334631	3.014991	0.008493	2.4
107	-0.456720	19.978192	3.041217	0.019265	1.9
108	-0.443806	19.733696	3.059471	0.002053	2.3
109	-0.512151	19.711688	3.061125	0.006392	2.3
110	-0.494485	19.767633	3.056924	0.014390	2.4
111	-0.454228	19.743572	3.058729	0.035341	2.4
112	-0.474982	19.323344	3.090606	0.029003	2.3
113	-0.457296	18.903045	3.123159	0.028163	2.4
114	-0.532497	18.482745	3.156406	0.023495	2.3
115	-0.465094	19.434388	3.082118	0.006109	4.2
116	-0.480616	19.016120	3.114334	0.035052	3.1
117	-0.465436	18.596025	3.147375	0.033451	3.1
118	-0.486560	18.175725	3.181142	0.027207	2.3
119	-0.499916	17.755425	3.215641	0.047028	2.7
120	-0.502468	17.335125	3.250897	0.032841	3.2
121	-0.491621	16.914825	3.286935	0.044818	2.5
122	-0.517855	16.494525	3.323780	0.039999	2.2
123	-0.440867	16.074226	3.361461	0.060462	2.4
124	-0.456568	15.653926	3.400006	0.058211	2.8
125	-0.484478	15.233626	3.439445	0.046885	2.5
126	-0.539068	14.813326	3.479810	0.027634	2.4
127	-0.452496	14.393026	3.521133	0.047826	2.2
128	-0.565044	13.972726	3.563450	0.048932	2.3
129	-0.541244	13.552426	3.606796	0.052084	2.4
130	-0.498939	13.132126	3.651210	0.041305	2.4
131	-0.535983	12.711826	3.696731	0.050536	2.3
132	-0.578841	12.291526	3.743402	0.069360	2.5
133	-0.594868	11.871227	3.791266	0.049928	2.2
134	-0.585696	11.450927	3.840370	0.051458	2.4
135	-0.562088	11.030627	3.890762	0.031567	2.0
136	-0.612653	12.030626	3.772970	0.021531	2.0
137	-0.616720	11.641227	3.817980	0.024333	2.2
138	-0.622349	11.220927	3.867783	0.027253	2.1
139	-0.578130	10.800628	3.918902	0.023861	2.4
140	-0.597313	10.380337	3.971390	0.025328	2.4
141	-0.555760	9.960037	4.025304	0.015870	2.5
142	-0.598970	9.539737	4.080702	0.019809	2.3
143	-0.560535	9.119438	4.137645	0.019327	2.4
144	-0.649921	8.699138	4.196201	0.024078	2.3
145	-0.591444	8.278839	4.256438	0.018045	2.5
146	-0.655063	7.859218	4.318327	0.020836	2.2
147	-0.570968	7.438931	4.382146	0.025826	2.2
148	-0.589594	7.018664	4.447876	0.022612	2.4
149	-0.585803	6.598364	4.515614	0.013373	2.4
150	-0.639117	6.181967	4.584788	0.023951	2.4
151	-0.606421	5.761690	4.656789	0.019687	2.1
152	-0.669318	5.341390	4.731093	0.023673	2.3
153	-0.587261	4.921090	4.807805	0.027827	2.1
154	-0.697302	4.500790	4.887047	0.051223	2.1
155	-0.613791	4.080490	4.968944	0.033648	1.9
156	-0.641095	3.660190	5.053633	0.048109	2.5
157	-0.651342	3.239890	5.141259	0.049128	2.6
158	-0.703853	2.819590	5.231977	0.031148	2.2
159	-0.630605	2.399291	5.325954	0.026744	2.2
160	-0.656533	1.978991	5.423369	0.022728	2.1
161	-0.654300	1.558691	5.524414	0.022468	2.1
162	-0.637709	1.138391	5.629296	0.039234	2.2
163	-0.720629	0.718091	5.738237	0.040502	2.2
164	-0.662589	0.297791	5.851478	0.037343	2.2
165	-0.708798	0.000000	5.934455	0.039671	2.1
166	-0.664677	0.000000	5.934455	0.020694	2.6
167	-0.724388	0.000000	5.934455	0.020337	2.2
168	-0.756287	0.000000	5.934455	0.031832	2.0
169	-0.724989	0.000000	5.934455	0.023791	2.0
170	-0.637017	0.000000	5.934455	0.034262	2.2
171	-0.762936	0.996555	5.665594	0.042280	2.2
172	-0.738773	0.576255	5.775959	0.024542	2.2
173	-0.668752	0.155955	5.890708	0.011701	2.4
174	-0.837391	0.000000	5.934455	0.022823	2.1
175	-0.721568	0.000000	5.934455	0.032458	2.1
176	-0.766566	0.000000	5.934455	0.022305	2.2
177	-0.735425	0.000000	5.934455	0.022552	2.2
178	-0.720591	0.000000	5.934455	0.030164	2.1
179	-0.770152	0.821258	5.711108	0.024869	2.1
180	-0.773700	0.400958	5.823270	0.027249	2.2
181	-0.727227	0.000000	5.934455	0.016993	2.1
182	-0.762728	0.999993	5.664709	0.009369	2.1
183	-0.775989	0.856523	5.701893	0.007120	2.2
184	-0.710454	1.421171	5.558298	0.044756	2.1
185	-0.712864	2.421158	5.320982	0.029653	2.1
186	-0.740422	3.421158	5.103098	0.020230	2.3
187	-0.700769	3.000858	5.192462	0.018592	2.2
188	-0.713725	4.000857	4.984771	0.009591	2.1
189	-0.744701	3.584727	5.069145	0.019377	2.1
190	-0.741777	4.483064	4.890446	0.028915	2.2
191	-0.711866	4.062764	4.972459	0.019190	2.2
192	-0.741605	5.062763	4.781671	0.037440	2.2
193	-0.735429	6.062763	4.604983	0.043106	2.1
194	-0.776800	7.062763	4.440887	0.015850	1.9
195	-0.756831	6.642463	4.508410	0.022300	2.1
196	-0.794243	7.642449	4.351009	0.019797	2.0
197	-0.782559	7.225386	4.415300	0.024613	2.1
198	-0.754722	7.143939	4.428078	0.020246	2.0
199	-0.739147	8.143939	4.276140	0.019989	2.4
200	-0.723395	7.723695	4.338702	0.019665	2.4
201	-0.700400	8.526074	4.220797	0.007447	3.2
202	-0.774559	8.107883	4.281436	0.010808	3.5
203	-0.777465	8.214173	4.265859	0.019200	2.6
204	-0.761775	8.821178	4.179028	0.033446	2.2
205	-0.728360	9.821177	4.043439	0.010277	2.5
206	-0.725001	10.194585	3.995038	0.009983	3.4
207	-0.769878	10.904283	3.906170	0.021848	2.3
208	-0.752406	11.904028	3.787486	0.028675	2.2
209	-0.774234	12.904028	3.675774	0.019963	2.1
210	-0.772567	12.483728	3.721914	0.017362	2.3
211	-0.766771	13.483645	3.613990	0.021661	2.5
212	-0.732012	14.483594	3.512146	0.031213	2.5
213	-0.681004	15.483594	3.415879	0.004538	2.8
214	-0.757961	16.476582	3.325371	0.027759	2.4
215	-0.737718	16.062357	3.362537	0.016572	2.4
216	-0.734888	15.642062	3.401106	0.030881	2.5
217	-0.805001	15.223273	3.440428	0.034984	2.2
218	-0.672090	16.223273	3.348001	0.009575	2.3
219	-0.705810	17.223248	3.260412	0.011366	2.5
220	-0.781319	16.961701	3.282876	0.026173	2.5
221	-0.781890	16.652555	3.309830	0.014360	2.5
222	-0.692511	17.652267	3.224224	0.011323	2.2
223	-0.740686	17.243391	3.258695	0.015793	2.4
224	-0.749282	16.823642	3.294859	0.011545	2.5
225	-0.670244	17.619746	3.226939	0.014945	2.5
226	-0.738906	17.267288	3.256660	0.015076	2.8
227	-0.731096	16.848688	3.292678	0.004835	2.4
228	-0.700250	16.994490	3.280043	0.015013	2.3
229	-0.787599	16.618175	3.312855	0.010573	2.1
230	-0.801833	16.303799	3.340774	0.026625	2.4
231	-0.759503	15.883730	3.378822	0.002782	2.4
232	-0.702112	16.480584	3.325016	0.024056	2.5
233	-0.846065	16.095049	3.359574	0.029342	2.5
234	-0.760469	17.095003	3.271388	0.016493	2.5
235	-0.775219	16.674703	3.307884	0.006161	2.4
236	-0.732707	17.557775	3.232125	0.037527	2.5
237	-0.825194	18.557355	3.150452	0.029379	2.3
238	-0.708777	19.557354	3.072773	0.026894	2.2
239	-0.759324	20.557354	2.998833	0.026624	2.2
240	-0.733311	21.557354	2.928367	0.032707	2.2
241	-0.785810	21.137054	2.957576	0.025492	2.2
242	-0.709619	22.137054	2.889014	0.024269	2.1
243	-0.772638	21.716754	2.917440	0.023730	2.6
244	-0.770058	22.716754	2.850705	0.012657	3.3
245	-0.756314	23.716646	2.786961	0.020451	2.3
246	-0.759430	24.712130	2.726269	0.014544	2.2
247	-0.683474	25.709949	2.668030	0.012756	2.2
248	-0.772631	25.373948	2.687361	0.013847	2.2
249	-0.717612	24.982302	2.710250	0.028540	2.2
250	-0.737384	25.982237	2.652567	0.011119	2.1
251	-0.730263	25.562193	2.676497	0.011975	2.6
252	-0.738999	26.080928	2.647007	0.018841	2.1
253	-0.759315	27.063625	2.592887	0.030295	2.2
254	-0.768272	28.047436	2.540878	0.032113	2.1
255	-0.741806	29.047436	2.490109	0.019949	2.1
256	-0.759693	30.047259	2.441337	0.020231	2.1
257	-0.759401	31.046353	2.394472	0.017986	2.1
258	-0.762278	32.046324	2.349334	0.024445	2.3
259	-0.727451	31.626025	2.368097	0.009904	2.1
260	-0.818198	31.205824	2.387158	0.047710	2.4
261	-0.738357	32.205824	2.342292	0.010215	2.1
262	-0.759011	31.786243	2.360910	0.001764	1.8
263	-0.683048	31.736609	2.363132	0.005208	2.3
264	-0.640711	31.677135	2.365800	0.018604	2.0
265	-0.804786	32.571056	2.326323	0.029611	2.2
266	-0.732210	33.571056	2.283693	0.018444	2.2
267	-0.740721	33.150760	2.301418	0.022578	2.1
268	-0.793409	32.730460	2.319421	0.005924	2.1
269	-0.746363	33.697448	2.278416	0.002115	2.1
270	-0.685355	33.775944	2.275151	0.007583	2.1
271	-0.700872	33.823553	2.273175	0.021752	2.1
272	-0.758782	34.214205	2.257092	0.023932	2.2
273	-0.735802	35.214205	2.216941	0.037839	2.2
274	-0.751742	34.793906	2.233641	0.009391	2.1
275	-0.786986	34.381071	2.250292	0.011762	2.2
276	-0.772608	34.033431	2.264506	0.022844	2.6
277	-0.756932	34.937540	2.227906	0.020011	2.0
278	-0.745830	35.907579	2.189929	0.013286	2.2
279	-0.713074	36.907094	2.152129	0.023906	2.4
280	-0.748282	37.907018	2.115598	0.011322	2.2
281	-0.770061	38.806827	2.083768	0.050389	2.1
282	-0.724336	38.396332	2.098169	0.008516	2.0
283	-0.690490	37.976037	2.113122	0.025907	2.3
284	-0.799592	38.973485	2.077978	0.004587	2.2
285	-0.689695	38.926150	2.079619	0.019810	2.3
286	-0.648453	39.003089	2.076952	0.014702	2.5
287	-0.788928	39.998169	2.043070	0.025623	2.6
288	-0.771354	39.577870	2.057246	0.003772	4.0
289	-0.775630	39.198396	2.070214	0.017243	2.5
290	-0.760300	38.831166	2.082920	0.019184	2.3
291	-0.787143	39.461040	2.061221	0.028772	2.7
292	-0.714944	40.461040	2.027684	0.014867	2.7
293	-0.748789	40.040740	2.041646	0.004938	2.6
294	-0.661412	39.653369	2.054685	0.018321	2.3
295	-0.721175	40.592030	2.023371	0.008509	2.2
296	-0.795703	40.187318	2.036755	0.021912	2.2
297	-0.730831	41.185025	2.004077	0.018187	2.1
298	-0.718021	41.981095	1.978745	0.021563	3.0
299	-0.767717	41.560796	1.992039	0.011705	2.4
300	-0.747520	41.225543	2.002772	0.006588	2.3
301	-0.757643	42.040648	1.976876	0.017105	2.4
302	-0.851730	42.852405	1.951744	0.017633	2.5
303	-0.714271	43.819746	1.922617	0.002469	2.2
304	-0.673006	43.682629	1.926693	0.016775	3.0
305	-0.719045	44.130133	1.913455	0.016609	2.3
306	-0.806217	43.710619	1.925859	0.013633	2.1
307	-0.739329	44.563019	1.900821	0.014981	2.0
308	-0.757578	44.182958	1.911904	0.017595	2.5
309	-0.780773	43.762680	1.924311	0.007607	2.3
310	-0.701480	43.345682	1.936782	0.016156	2.4
311	-0.808259	44.296432	1.908581	0.035334	2.3
312	-0.718086	45.296430	1.879793	0.007020	2.1
313	-0.848305	46.296142	1.851868	0.024511	2.3
314	-0.697576	45.879279	1.863411	0.010561	2.1
315	-0.799702	45.460072	1.875164	0.019261	2.2
316	-0.755573	46.440207	1.847912	0.019074	2.2
317	-0.796888	46.019929	1.859500	0.036733	2.3
318	-0.728306	45.840001	1.864506	0.008556	2.5
319	-0.762541	46.839801	1.837027	0.039609	2.6
320	-0.730701	46.419520	1.848479	0.009742	2.5
321	-0.669344	45.999220	1.860075	0.017204	2.4
322	-0.752566	46.993525	1.832874	0.016851	2.2
323	-0.760357	47.992390	1.806338	0.002917	2.4
324	-0.766293	47.982611	1.806594	0.009191	2.4
325	-0.692671	47.782757	1.811843	0.018293	2.3
326	-0.717413	48.768838	1.786235	0.004912	2.2
327	-0.767403	49.463679	1.768621	0.023625	2.0
328	-0.725802	50.205776	1.750189	0.011119	2.4
329	-0.709288	49.785517	1.760580	0.016328	2.2
330	-0.733336	49.365525	1.771088	0.008726	3.3
331	-0.724549	50.352290	1.746595	0.011382	3.3
332	-0.711678	51.308497	1.723498	0.027592	2.7
333	-0.708622	52.308488	1.699988	0.030492	2.7
334	-0.768795	51.888188	1.709791	0.010916	2.4
335	-0.755431	52.407203	1.697702	0.010653	2.2
336	-0.864289	53.383368	1.675422	0.009095	2.8
337	-0.821320	53.121719	1.681337	0.017522	2.4
338	-0.714710	53.814734	1.665762	0.030329	2.3
339	-0.697777	53.672500	1.668935	0.026818	2.5
340	-0.758686	54.672500	1.646880	0.013512	2.6
341	-0.738184	55.664642	1.625568	0.015295	2.3
342	-0.735603	55.246989	1.634472	0.014658	2.8
343	-0.701848	54.826759	1.643530	0.022731	2.4
344	-0.699418	54.406600	1.652688	0.015268	2.5
345	-0.741781	55.401264	1.631171	0.012351	2.2
346	-0.773749	54.982117	1.640170	0.006808	2.5
347	-0.658475	54.591242	1.648651	0.001642	2.0
348	-0.664508	54.473073	1.651232	0.021312	2.6
349	-0.760242	54.188504	1.657481	0.010447	2.4
350	-0.731670	53.768455	1.666793	0.013484	2.2
351	-0.745692	53.749314	1.667220	0.023577	2.5
352	-0.731360	54.268174	1.655727	0.012958	2.3
353	-0.731521	55.268141	1.634018	0.024200	2.7
354	-0.774628	54.847849	1.643073	0.029619	2.3
355	-0.790018	55.847849	1.621692	0.029193	2.6
356	-0.773966	55.970251	1.619113	0.024333	2.8
357	-0.756340	55.549968	1.628003	0.011528	2.2
358	-0.772177	56.483882	1.608380	0.010855	2.9
359	-0.781124	57.209244	1.593463	0.022715	2.2
360	-0.740213	58.208973	1.573351	0.028883	2.1
361	-0.732867	59.208973	1.553736	0.046320	2.0
362	-0.754942	60.208973	1.534603	0.012182	2.2
363	-0.756845	61.208973	1.515936	0.036683	2.1
364	-0.756150	62.208972	1.497718	0.021520	2.2
365	-0.733690	63.208972	1.479932	0.030641	2.1
366	-0.721057	62.788672	1.487356	0.030728	2.3
367	-0.691301	62.368372	1.494854	0.034801	2.2
368	-0.755547	61.948075	1.502429	0.019557	2.1
369	-0.763595	62.552206	1.491565	0.010554	2.0
370	-0.752427	63.466539	1.475419	0.017525	2.5
371	-0.752711	63.133130	1.481266	0.027034	2.9
372	-0.774418	63.988355	1.466360	0.021262	2.2
373	-0.714505	63.568055	1.473648	0.031487	2.1
374	-0.800780	63.147756	1.481009	0.016161	2.2
375	-0.691095	62.728741	1.488420	0.009360	2.2
376	-0.785683	62.842494	1.486401	0.027513	2.0
377	-0.793471	62.422461	1.493885	0.008486	2.2
378	-0.735806	62.006522	1.501371	0.023981	2.2
379	-0.770035	61.587754	1.508983	0.013656	1.9
380	-0.746896	61.168071	1.516691	0.015859	2.1
381	-0.687792	62.166570	1.498481	0.016877	2.1
382	-0.694683	63.165753	1.480692	0.021814	2.3
383	-0.730567	62.746580	1.488103	0.011524	2.2
384	-0.808866	62.391794	1.494434	0.039912	2.1
385	-0.749609	61.972046	1.501994	0.018026	2.2
386	-0.754542	62.972046	1.484108	0.012382	2.2
387	-0.748014	62.567978	1.491284	0.007165	2.1
388	-0.679557	62.212880	1.497647	0.006023	2.1
389	-0.774743	61.975888	1.501925	0.014333	2.3
390	-0.782178	61.592845	1.508890	0.019899	2.1
391	-0.751512	62.592208	1.490851	0.037728	2.2
392	-0.743676	62.171909	1.498385	0.010513	2.2
393	-0.751605	62.479411	1.492866	0.006838	2.0
394	-0.746471	62.085942	1.499935	0.026294	2.1
395	-0.714714	63.083611	1.482138	0.008948	2.1
396	-0.739679	62.726492	1.488460	0.028354	2.3
397	-0.710391	62.306201	1.495970	0.023153	2.1
398	-0.689623	61.885901	1.503556	0.019772	2.1
399	-0.772135	61.465601	1.511219	0.017088	2.2
400	-0.739281	62.463475	1.493151	0.004409	2.2
401	-0.712859	62.775732	1.487585	0.012160	2.2
402	-0.749966	63.443403	1.475823	0.033340	3.0
403	-0.684571	63.053559	1.482668	0.015485	2.2
404	-0.735567	63.856449	1.468640	0.008140	2.3
405	-0.721746	63.471057	1.475340	0.020419	2.5
406	-0.775920	63.062604	1.482509	0.017316	2.6
407	-0.797901	63.611784	1.472886	0.014680	2.7
408	-0.807091	64.508684	1.457437	0.024629	2.8
409	-0.671927	65.440931	1.441719	0.018118	2.4
410	-0.711736	65.021231	1.448753	0.029735	2.5
411	-0.723642	64.600932	1.455867	0.022064	2.8
412	-0.743453	64.180632	1.463050	0.024934	2.2
413	-0.738399	65.180632	1.446074	0.011381	2.4
414	-0.836832	64.760355	1.453160	0.028731	2.4
415	-0.762348	64.340068	1.460317	0.011243	3.3
416	-0.746377	64.668623	1.454716	0.009506	5.0
417	-0.807571	64.345417	1.460225	0.018531	2.4
418	-0.668242	65.245194	1.444991	0.010451	2.3
419	-0.785254	64.826747	1.452036	0.030474	3.2
420	-0.820399	64.406448	1.459182	0.007931	2.8
421	-0.723614	64.073934	1.464885	0.006643	2.5
422	-0.732346	64.584990	1.456138	0.022311	2.9
423	-0.715332	65.495226	1.440814	0.024097	2.3
424	-0.707664	66.495226	1.424347	0.029736	2.5
425	-0.733208	66.442796	1.425201	0.015370	2.9
426	-0.737965	66.022554	1.432083	0.005636	2.9
427	-0.734920	66.498146	1.424299	0.016855	2.9
428	-0.713754	66.649722	1.421836	0.016318	2.5
429	-0.693746	67.649278	1.405804	0.008633	2.9
430	-0.755003	67.535548	1.407610	0.032592	2.4
431	-0.727982	68.530913	1.391961	0.003581	3.1
432	-0.847407	68.141666	1.398039	0.032743	2.9
433	-0.737638	68.970740	1.385156	0.001968	2.5
434	-0.679727	69.112253	1.382981	0.014453	2.6
435	-0.759312	68.954275	1.385410	0.016288	3.1
436	-0.793101	69.865654	1.371514	0.031007	3.1
437	-0.758587	70.865654	1.356585	0.013336	2.6
438	-0.752534	71.865653	1.341977	0.012100	3.2
439	-0.764294	72.856935	1.327803	0.038164	2.4
440	-0.800981	73.856882	1.313806	0.012547	2.0
441	-0.698305	74.765284	1.301344	0.023541	2.3
442	-0.727315	74.358355	1.306897	0.012993	2.1
443	-0.766342	73.938056	1.312683	0.012290	2.0
444	-0.700255	73.519304	1.318498	0.012336	2.1
445	-0.787389	74.394465	1.306402	0.044939	2.1
446	-0.708490	73.974493	1.312179	0.013976	2.2
447	-0.753530	74.974493	1.298507	0.007540	2.2
448	-0.810269	74.576339	1.303916	0.007889	2.0
449	-0.814403	74.197836	1.309101	0.003165	2.1
450	-0.722648	74.392065	1.306435	0.021214	2.2
451	-0.745637	74.963400	1.298657	0.012584	2.0
452	-0.834252	74.584027	1.303811	0.014355	2.3
453	-0.718029	74.164885	1.309554	0.008915	2.3
454	-0.699978	74.450364	1.305637	0.015454	2.7
455	-0.669132	75.427700	1.292404	0.017414	2.1
456	-0.759327	75.172582	1.295832	0.022031	2.6
457	-0.779985	75.785094	1.287632	0.016642	2.3
458	-0.777948	76.784914	1.274466	0.006224	2.0
459	-0.796866	76.377024	1.279804	0.018866	2.2
460	-0.730515	76.965535	1.272116	0.009086	2.1
461	-0.733166	77.820383	1.261112	0.018579	2.1
462	-0.730431	77.402824	1.266463	0.027644	2.0
463	-0.807153	76.982524	1.271896	0.012349	2.7
464	-0.765310	77.979892	1.259079	0.026535	2.1
465	-0.662755	77.559760	1.264447	0.010954	2.3
466	-0.771592	78.555121	1.251805	0.005980	2.1
467	-0.667357	78.391186	1.253869	0.033560	2.0
468	-0.731617	79.382552	1.241486	0.050769	2.2
469	-0.721714	80.382552	1.229241	0.010242	2.1
470	-0.772727	81.382552	1.217234	0.012597	2.6
471	-0.744971	80.983842	1.221993	0.002312	2.1
472	-0.732130	80.819506	1.223965	0.004225	2.0
473	-0.740036	80.744787	1.224864	0.018521	2.1
474	-0.756635	81.478104	1.216099	0.010006	2.2
475	-0.715676	81.158645	1.219902	0.018654	2.3
476	-0.760343	82.156790	1.208098	0.025861	3.5
477	-0.737406	83.156789	1.196500	0.009492	2.2
478	-0.783518	82.737828	1.201332	0.016338	2.2
479	-0.773265	82.320238	1.206187	0.025067	2.1
480	-0.728627	83.320120	1.194626	0.017857	2.1
481	-0.739238	82.899821	1.199459	0.028873	2.2
482	-0.703589	83.899821	1.188024	0.010079	2.1
483	-0.744903	83.482070	1.192775	0.018446	2.3
484	-0.776877	84.478995	1.181501	0.026113	2.1
485	-0.737370	85.478828	1.170407	0.018908	2.1
486	-0.774189	85.150618	1.174026	0.012892	2.1
487	-0.777744	86.143567	1.163145	0.020643	2.0
488	-0.716157	87.141063	1.152417	0.013174	2.2
489	-0.688098	87.020044	1.153708	0.010408	2.4
490	-0.727922	87.993896	1.143399	0.016925	2.7
491	-0.733208	88.946631	1.133491	0.012801	2.2
492	-0.800683	89.944334	1.123298	0.009797	2.1
493	-0.760171	89.660166	1.126183	0.016824	2.3
494	-0.727433	89.248230	1.130391	0.034375	2.8
495	-0.775590	90.248230	1.120230	0.021058	2.4
496	-0.783800	90.178083	1.120936	0.028306	2.3
497	-0.758753	89.757787	1.125190	0.008819	4.9
498	-0.763651	90.708939	1.115609	0.036937	4.3
499	-0.728007	90.288679	1.119822	0.014517	3.0
500	-0.749049	89.868397	1.124067	0.014117	2.6
501	-0.723321	90.865721	1.114046	0.012483	3.8
502	-0.751054	91.684322	1.105953	0.009047	2.4
503	-0.668339	91.273812	1.109997	0.021759	2.7
504	-0.745388	90.854242	1.114160	0.035335	2.4
505	-0.805155	91.854242	1.104288	0.022235	2.4
506	-0.757876	91.433942	1.108416	0.007677	2.4
507	-0.749178	91.869405	1.104139	0.023447	3.6
508	-0.727624	91.671415	1.106080	0.032682	2.9
509	-0.736140	92.671415	1.096349	0.027199	2.6
510	-0.697383	92.251115	1.100418	0.028814	2.6
511	-0.761133	93.251115	1.090786	0.018246	3.0
512	-0.762545	94.251115	1.081322	0.022500	3.0
513	-0.771827	95.251101	1.072020	0.012241	2.5
514	-0.785073	94.831022	1.075908	0.007379	2.7
515	-0.754736	94.535833	1.078657	0.011231	2.7
516	-0.757947	95.286750	1.071692	0.028562	2.7
517	-0.783404	96.279485	1.062620	0.022477	2.2
518	-0.737087	97.279484	1.053636	0.025750	2.7
519	-0.749606	96.859184	1.057394	0.006184	2.4
520	-0.657415	97.534613	1.051368	0.009449	2.5
521	-0.724068	97.164529	1.054661	0.023644	2.6
522	-0.729798	98.156669	1.045880	0.028190	3.0
523	-0.748555	99.156669	1.037175	0.006692	2.7
524	-0.740185	98.742275	1.040765	0.008853	2.9
525	-0.724562	99.180298	1.036972	0.017497	2.9
526	-0.799075	98.774682	1.040483	0.015704	2.4
527	-0.761662	99.774568	1.031869	0.016124	2.1
528	-0.718765	99.354554	1.035470	0.008622	2.2
529	-0.803912	98.945323	1.039003	0.034905	2.4
530	-0.664271	99.742639	1.032142	0.011580	2.4
531	-0.721461	100.740537	1.023682	0.023977	2.0
532	-0.722201	101.740474	1.015342	0.027971	2.2
533	-0.733591	101.320174	1.018831	0.005874	2.1
534	-0.692742	100.930032	1.022091	0.005195	2.0
535	-0.695401	100.957323	1.021862	0.022006	2.1
536	-0.756967	100.794714	1.023226	0.027632	2.5
537	-0.774152	101.794714	1.014893	0.022422	2.5
538	-0.780065	101.447352	1.017773	0.020173	2.2
539	-0.709569	101.027251	1.021276	0.014899	2.2
540	-0.662305	100.617407	1.024718	0.006699	2.1
541	-0.833259	100.306209	1.027347	0.018561	2.3
542	-0.790149	100.052414	1.029501	0.042067	2.1
543	-0.817871	101.052414	1.021066	0.016220	2.2
544	-0.837727	102.052414	1.012768	0.015313	2.5
545	-0.766007	101.632468	1.016236	0.029392	2.1
546	-0.800949	102.599809	1.008283	0.013490	2.1
547	-0.820982	103.599808	1.000191	0.009607	2.4
548	-0.733393	104.494678	0.993058	0.010287	2.1
549	-0.719492	104.094898	0.996232	0.007110	2.1
550	-0.722741	104.011708	0.996895	0.008603	2.3
551	-0.767786	104.225630	0.995192	0.021615	2.1
552	-0.746736	103.816004	0.998458	0.018714	2.1
553	-0.739954	104.530028	0.992779	0.005173	2.2
554	-0.776947	104.211889	0.995301	0.034127	2.2
555	-0.745550	105.203716	0.987479	0.023403	2.1
556	-0.762868	106.203716	0.979716	0.017142	2.1
557	-0.712150	105.785199	0.982950	0.025374	2.2
558	-0.839918	106.785197	0.975258	0.033186	2.2
559	-0.752031	106.364897	0.978476	0.025870	2.2
560	-0.747052	105.944598	0.981716	0.007603	2.3
561	-0.665719	105.531212	0.984923	0.003405	2.2
562	-0.846494	105.527814	0.984950	0.032787	2.0
563	-0.696477	105.864014	0.982340	0.024974	2.2
564	-0.796255	105.443714	0.985605	0.029099	2.0
565	-0.795378	106.442346	0.977882	0.015692	2.2
566	-0.785809	106.100118	0.980515	0.014969	2.1
567	-0.757631	105.679862	0.983768	0.017027	2.2
568	-0.693850	105.259666	0.987042	0.027559	2.1
569	-0.824547	106.017501	0.981153	0.022995	2.0
570	-0.717464	107.017501	0.973488	0.007132	2.2
571	-0.720440	108.013955	0.965970	0.012934	2.0
572	-0.740631	108.804876	0.960084	0.025045	2.4
573	-0.752882	108.384892	0.963200	0.038150	2.1
574	-0.769779	107.964592	0.966339	0.005172	2.2
575	-0.784945	108.933956	0.959130	0.024393	2.6
576	-0.709213	109.355509	0.956028	0.033241	2.8
577	-0.639564	108.963026	0.958915	0.011966	3.0
578	-0.769168	109.884700	0.952163	0.012343	5.8
579	-0.691588	110.870663	0.945044	0.013753	4.2
580	-0.755233	110.680336	0.946410	0.011964	2.3
581	-0.735954	110.537555	0.947437	0.019146	2.7
582	-0.771776	110.120818	0.950448	0.009888	3.4
583	-0.723949	110.608605	0.946926	0.008661	2.5
584	-0.766821	110.240239	0.949583	0.030218	2.8
585	-0.758274	109.885092	0.952160	0.039967	2.6
586	-0.786364	109.464792	0.955227	0.004404	2.7
587	-0.678170	109.129965	0.957685	0.012123	3.7
588	-0.742561	109.557684	0.954548	0.023133	2.7
589	-0.754547	109.137392	0.957631	0.028454	2.6
590	-0.716250	110.137392	0.950328	0.016648	2.1
591	-0.800886	111.137392	0.943136	0.020810	2.3
592	-0.709804	111.229974	0.942476	0.031219	2.4
593	-0.758165	110.809674	0.945481	0.012769	2.7
594	-0.752546	111.792708	0.938482	0.010595	2.5
595	-0.693944	111.819644	0.938292	0.016668	2.2
596	-0.777272	111.400918	0.941259	0.004552	2.4
597	-0.776071	111.818421	0.938300	0.032307	3.0
598	-0.721484	112.783684	0.931530	0.023745	2.2
599	-0.774365	113.783684	0.924619	0.024166	2.4
600	-0.737140	114.783669	0.917810	0.017407	2.3
601	-0.712700	114.372773	0.920595	0.014453	2.3
602	-0.728154	113.952484	0.923462	0.034848	2.1
603	-0.750088	114.952469	0.916670	0.031354	2.4
604	-0.756929	115.952469	0.909977	0.022392	2.1
605	-0.723002	116.952469	0.903380	0.024471	2.4
606	-0.760319	117.952468	0.896879	0.020169	3.0
607	-0.744198	118.952468	0.890471	0.007284	2.3
608	-0.754417	119.116564	0.889428	0.009337	2.5
609	-0.716092	119.181013	0.889019	0.020108	2.2
610	-0.844737	118.764848	0.891666	0.013271	2.6
611	-0.741010	118.916518	0.890699	0.008663	2.9
612	-0.749680	119.832167	0.884908	0.015728	3.3
613	-0.763301	119.426272	0.887466	0.040026	2.6
614	-0.729078	119.006022	0.890130	0.028613	2.7
615	-0.730338	120.006022	0.883817	0.035668	2.8
616	-0.749027	121.005688	0.877596	0.018688	4.4
617	-0.750471	122.005687	0.871459	0.027791	4.4
618	-0.724541	121.591242	0.873992	0.013737	2.5
619	-0.730128	121.170942	0.876575	0.029199	2.3
620	-0.872518	122.170859	0.870453	0.010319	2.1
621	-0.744011	123.100776	0.864836	0.013858	2.2
622	-0.776163	122.691635	0.867299	0.008940	2.1
623	-0.773429	123.661716	0.861483	0.023281	2.7
624	-0.741754	124.658196	0.855589	0.007892	2.1
625	-0.752900	124.756759	0.855010	0.009023	2.1
626	-0.684331	125.615858	0.850001	0.015717	2.0
627	-0.754415	125.212669	0.852344	0.031453	2.2
628	-0.762112	124.792369	0.854802	0.024113	2.2
629	-0.744273	125.792369	0.848978	0.031805	2.2
630	-0.726556	126.792369	0.843234	0.021682	2.2
631	-0.741827	126.372069	0.845639	0.010491	2.1
632	-0.706242	125.951830	0.848057	0.012463	2.1
633	-0.772460	125.953236	0.848049	0.007607	2.1
634	-0.703842	125.658513	0.849753	0.010235	2.2
635	-0.786557	125.376110	0.851393	0.016181	2.8
636	-0.738998	126.342179	0.845810	0.012595	2.3
637	-0.768714	126.779947	0.843305	0.013060	2.3
638	-0.673042	127.598437	0.838660	0.010613	2.3
639	-0.717606	127.587348	0.838723	0.027186	2.4
640	-0.730286	127.168872	0.841091	0.037454	2.2
641	-0.668278	128.168872	0.835453	0.020260	2.3
642	-0.799083	129.168855	0.829889	0.020479	2.2
643	-0.708915	128.748558	0.832219	0.016229	2.3
644	-0.732865	129.064052	0.830469	0.006775	2.5
645	-0.784213	128.656811	0.832729	0.015007	2.4
646	-0.739747	129.538343	0.827853	0.012979	2.4
647	-0.726925	129.118326	0.830169	0.011352	2.4
648	-0.690297	128.707706	0.832446	0.026116	2.2
649	-0.759361	129.707691	0.826922	0.005850	2.2
650	-0.707309	130.701577	0.821505	0.018473	2.2
651	-0.675817	130.295066	0.823712	0.025747	2.2
652	-0.742427	131.295066	0.818303	0.018803	2.3
653	-0.710563	131.073445	0.819496	0.005118	2.3
654	-0.733812	131.353330	0.817990	0.024476	2.0
655	-0.706440	131.190453	0.818866	0.012586	2.5
656	-0.825078	130.770175	0.821133	0.013055	2.4
657	-0.760656	130.410357	0.823085	0.012121	2.3
658	-0.719226	130.611766	0.821991	0.015975	2.9
659	-0.746091	130.211215	0.824169	0.006114	2.9
660	-0.688459	130.394139	0.823173	0.015453	2.3
661	-0.770938	130.211404	0.824168	0.024985	2.2
662	-0.754144	129.791104	0.826465	0.014436	2.3
663	-0.775751	130.791103	0.821020	0.014583	2.3
664	-0.778720	131.788284	0.815662	0.021417	2.2
665	-0.745431	131.368035	0.817911	0.009711	2.4
666	-0.749965	132.349953	0.812674	0.018470	2.3
667	-0.702983	131.962571	0.814732	0.013255	2.2
668	-0.788176	131.567443	0.816842	0.007327	2.4
669	-0.774402	131.629165	0.816512	0.017028	3.2
670	-0.727873	131.257141	0.818507	0.023269	2.4
671	-0.697803	130.836842	0.820773	0.016629	2.4
672	-0.711076	130.624723	0.821921	0.008139	2.5
673	-0.756618	130.206396	0.824195	0.011444	2.7
674	-0.763731	130.949220	0.820166	0.039406	2.9
675	-0.729244	130.529066	0.822440	0.025631	2.6
676	-0.720095	131.529066	0.817048	0.013077	2.5
677	-0.731308	131.108767	0.819306	0.002366	2.5
678	-0.757085	130.956580	0.820126	0.008630	2.2
679	-0.736132	131.064593	0.819544	0.015776	2.7
680	-0.805209	130.946867	0.820178	0.026310	2.3
681	-0.726997	131.944145	0.814830	0.022851	3.2
682	-0.793215	132.944144	0.809537	0.015277	3.0
683	-0.648085	132.524017	0.811753	0.010792	2.7
684	-0.677103	133.478547	0.806737	0.009687	2.5
685	-0.711824	134.443401	0.801729	0.012951	2.4
686	-0.672785	134.246653	0.802746	0.021193	2.2
687	-0.717843	135.246475	0.797609	0.017505	2.3
688	-0.700833	136.136197	0.793093	0.003108	2.4
689	-0.639343	136.408529	0.791720	0.019110	2.4
690	-0.742924	136.138986	0.793079	0.012813	2.6
691	-0.775474	135.883691	0.794369	0.012660	3.0
692	-0.750507	136.875568	0.789378	0.014499	3.0
693	-0.738685	136.456033	0.791482	0.020613	2.1
694	-0.761792	136.039537	0.793581	0.012469	2.8
695	-0.781842	137.039397	0.788560	0.012161	2.3
696	-0.749826	138.034221	0.783627	0.007571	2.6
697	-0.770142	137.627574	0.785636	0.031130	4.2
698	-0.687610	137.207306	0.787723	0.007319	3.8
699	-0.785637	136.799266	0.789760	0.011042	3.5
700	-0.773014	136.959027	0.788961	0.022312	2.8
701	-0.730046	136.538756	0.791066	0.023201	3.0
702	-0.720996	137.538756	0.786076	0.014608	2.8
703	-0.745813	137.830745	0.784631	0.034136	3.4
704	-0.807012	137.887960	0.784349	0.010569	2.7
705	-0.737712	137.467660	0.786429	0.011989	2.7
706	-0.728517	138.448177	0.781593	0.008355	2.4
707	-0.749295	139.369731	0.777101	0.018916	2.1
708	-0.765918	140.208937	0.773056	0.017945	2.1
709	-0.766295	140.887148	0.769817	0.014823	2.3
710	-0.761140	140.467081	0.771820	0.016625	2.2
711	-0.787144	140.763608	0.770405	0.015628	2.1
712	-0.825415	141.015506	0.769208	0.009477	2.1
713	-0.748243	141.875539	0.765146	0.004398	2.1
714	-0.708860	141.758043	0.765698	0.011531	2.0
715	-0.806596	141.410359	0.767337	0.022782	2.1
716	-0.804643	140.996527	0.769298	0.007420	2.4
717	-0.713329	140.576652	0.771297	0.010438	2.1
718	-0.792524	140.989430	0.769331	0.018965	2.2
719	-0.748573	140.569976	0.771329	0.014821	2.3
720	-0.842242	141.511605	0.766859	0.019310	2.1
721	-0.631103	142.355048	0.762900	0.021636	2.2
722	-0.758160	141.935022	0.764867	0.027470	2.2
723	-0.743217	142.935018	0.760201	0.018871	2.2
724	-0.741761	142.514719	0.762155	0.012171	2.2
725	-0.803350	143.506913	0.757558	0.028075	2.0
726	-0.824144	144.475948	0.753122	0.036910	2.2
727	-0.759141	145.429276	0.748808	0.035856	2.1
728	-0.690637	146.429276	0.744335	0.006423	2.0
729	-0.729719	147.343402	0.740294	0.016985	2.1
730	-0.710457	147.805871	0.738266	0.036701	2.2
731	-0.778843	147.385588	0.740108	0.006206	2.1
732	-0.741885	146.967582	0.741950	0.025288	2.1
733	-0.600689	147.954416	0.737616	0.012806	2.3
734	-0.710206	147.534116	0.739456	0.011023	2.1
735	-0.782758	147.187032	0.740982	0.005881	2.2
736	-0.788460	147.188355	0.740976	0.018594	2.1
737	-0.803902	146.795820	0.742710	0.015900	2.2
738	-0.681777	147.477802	0.739703	0.023946	2.2
739	-0.753553	148.477798	0.735339	0.013095	3.2
740	-0.712384	148.057589	0.737166	0.002064	2.6
741	-0.745349	148.360400	0.735848	0.006551	2.4
742	-0.681637	148.490127	0.735285	0.011600	2.1
743	-0.738221	148.173797	0.736660	0.016602	2.5
744	-0.721180	147.759444	0.738469	0.018814	2.1
745	-0.807541	147.474032	0.739720	0.015146	2.3
746	-0.720484	148.345074	0.735915	0.007516	2.4
747	-0.770447	148.258894	0.736290	0.025159	2.1
748	-0.697913	147.857700	0.738039	0.018059	2.2
749	-0.700826	148.822391	0.733846	0.018312	2.1
750	-0.805173	148.403553	0.735661	0.013813	2.8
751	-0.759495	147.983477	0.737490	0.021257	2.2
752	-0.762692	147.563271	0.739328	0.001479	2.2
753	-0.744029	147.357776	0.740230	0.021735	1.9
754	-0.687627	147.572411	0.739288	0.009357	2.1
755	-0.665417	148.282709	0.736186	0.004769	2.2
756	-0.750752	148.883220	0.733584	0.021170	2.4
757	-0.727447	148.477730	0.735339	0.021578	2.3
758	-0.797636	149.471932	0.731050	0.022870	2.7
759	-0.760779	150.471932	0.726787	0.017752	3.0
760	-0.748369	151.471930	0.722573	0.014274	2.3
761	-0.720413	152.464684	0.718438	0.016321	2.5
762	-0.731821	152.045335	0.720179	0.016653	2.5
763	-0.706820	151.640014	0.721869	0.015168	2.5
764	-0.641534	151.228191	0.723596	0.020186	2.2
765	-0.739526	152.228128	0.719419	0.007903	2.3
766	-0.720390	151.965682	0.720510	0.012424	2.5
767	-0.758774	151.599667	0.722038	0.003786	2.8
768	-0.722003	152.223205	0.719439	0.024940	2.7
769	-0.709160	152.195006	0.719556	0.022575	3.0
770	-0.778594	153.195006	0.715426	0.009651	2.5
771	-0.788748	154.194293	0.711345	0.019652	2.5
772	-0.796458	155.192739	0.707314	0.007515	2.6
773	-0.747027	155.403907	0.706467	0.023714	2.2
774	-0.730384	155.324695	0.706784	0.028299	4.8
775	-0.689742	156.324695	0.702799	0.007832	2.2
776	-0.804501	155.928794	0.704371	0.037615	2.6
777	-0.744449	155.509738	0.706043	0.018221	2.3
778	-0.810100	156.509738	0.702066	0.025866	2.6
779	-0.780370	157.509709	0.698133	0.013971	3.5
780	-0.796150	157.089941	0.699779	0.020813	3.8
781	-0.761391	157.273366	0.699059	0.029262	3.2
782	-0.721325	158.273366	0.695159	0.016261	3.2
783	-0.716507	159.273366	0.691303	0.011468	3.1
784	-0.794146	160.267441	0.687512	0.005485	3.2
785	-0.663999	159.918695	0.688837	0.015484	2.6
786	-0.767553	159.852057	0.689091	0.011186	2.5
787	-0.669431	159.445980	0.690642	0.011437	2.6
788	-0.736436	160.351990	0.687192	0.022898	2.5
789	-0.679895	161.195551	0.684010	0.009362	2.6
790	-0.780821	160.860959	0.685268	0.012705	3.1
791	-0.705792	160.565252	0.686384	0.016742	2.5
792	-0.741533	160.145239	0.687976	0.006094	2.6
793	-0.786081	159.801356	0.689284	0.016513	3.0
794	-0.753880	159.420202	0.690741	0.013949	2.9
795	-0.762194	160.266418	0.687516	0.026101	3.2
796	-0.695539	160.114198	0.688094	0.011490	2.4
797	-0.755375	159.695313	0.689689	0.022755	2.9
798	-0.770731	159.275026	0.691297	0.010554	2.5
799	-0.743920	160.274828	0.687484	0.012737	2.2
800	-0.741538	159.859415	0.689063	0.018726	2.2
801	-0.716364	159.439163	0.690668	0.022363	2.2
802	-0.754071	159.018863	0.692281	0.018150	2.3
803	-0.732848	158.598563	0.693901	0.018645	2.1
804	-0.739270	159.598561	0.690058	0.031646	2.2
805	-0.753783	159.438773	0.690669	0.018217	2.1
806	-0.751321	159.018473	0.692282	0.009030	2.2
807	-0.728636	158.686487	0.693561	0.023044	2.2
808	-0.825649	159.464729	0.690570	0.022004	2.2
809	-0.750329	160.464729	0.686765	0.011426	2.1
810	-0.797388	160.046331	0.688352	0.015822	2.2
811	-0.737575	159.626537	0.689952	0.014314	2.1
812	-0.724883	160.527200	0.686528	0.028519	2.2
813	-0.794658	160.114675	0.688092	0.014760	2.2
814	-0.738577	159.694613	0.689692	0.027606	2.0
815	-0.831158	160.659747	0.686027	0.023840	2.1
816	-0.784018	161.659597	0.682272	0.012027	2.1
817	-0.776017	162.657137	0.678566	0.029646	2.2
818	-0.764107	162.236845	0.680123	0.015367	2.2
819	-0.788398	161.816546	0.681686	0.031064	1.7
820	-0.671647	161.399093	0.683247	0.011038	1.6
821	-0.639829	160.980150	0.684819	0.021140	2.1
822	-0.720559	160.561341	0.686399	0.020003	2.0
823	-0.704511	161.303418	0.683605	0.035351	2.1
824	-0.787276	160.883119	0.685185	0.013562	1.7
825	-0.772561	160.466028	0.686760	0.007211	1.9
826	-0.841326	161.319607	0.683544	0.021773	2.1
827	-0.747125	160.996550	0.684758	0.023073	1.9
828	-0.782674	161.996550	0.681016	0.014801	1.8
829	-0.755199	161.595081	0.682513	0.029536	1.6
830	-0.782407	161.450393	0.683054	0.028000	1.7
831	-0.738492	161.030093	0.684632	0.022017	1.7
832	-0.802422	162.030093	0.680891	0.012281	2.1
833	-0.701539	161.609813	0.682458	0.027473	1.7
834	-0.722799	162.609811	0.678741	0.016786	1.8
835	-0.700818	162.189526	0.680298	0.009147	1.6
836	-0.761350	163.059852	0.677082	0.013030	1.6
837	-0.726374	164.011995	0.673597	0.006445	1.9
838	-0.730639	163.632184	0.674983	0.036778	1.6
839	-0.669336	163.215751	0.676509	0.030404	1.7
840	-0.741057	162.795451	0.678056	0.016215	1.7
841	-0.759126	163.795137	0.674388	0.021762	1.7
842	-0.723436	163.374838	0.675925	0.026009	1.7
843	-0.718170	162.954538	0.677469	0.038738	1.9
844	-0.787477	162.538272	0.679006	0.005428	1.7
845	-0.767886	163.532480	0.675348	0.014327	1.7
846	-0.701036	163.937742	0.673868	0.011668	1.7
847	-0.751596	164.390715	0.672221	0.016569	1.8
848	-0.706664	163.972202	0.673742	0.017225	1.8
849	-0.737963	164.972186	0.670119	0.005518	1.6
850	-0.699109	164.560869	0.671605	0.017319	1.5
851	-0.778329	165.506426	0.668200	0.004943	1.7
852	-0.750785	165.119884	0.669588	0.007172	2.0
853	-0.760447	165.187299	0.669345	0.013998	1.5
854	-0.719274	164.946040	0.670214	0.019084	1.9
855	-0.787960	164.526989	0.671727	0.014593	1.9
856	-0.721000	165.351247	0.668756	0.020607	3.5
857	-0.785113	166.346543	0.665203	0.009322	1.9
858	-0.757573	165.926875	0.666697	0.024689	1.8
859	-0.723719	165.507219	0.668197	0.010719	2.1
860	-0.810982	165.087321	0.669705	0.015374	2.3
861	-0.788651	164.887322	0.670425	0.042202	2.2
862	-0.749964	164.468169	0.671940	0.015777	2.2
863	-0.741046	164.047881	0.673467	0.017099	2.1
864	-0.765064	163.887304	0.674051	0.041221	2.2
865	-0.746132	164.887304	0.670425	0.004715	2.1
866	-0.744563	165.848007	0.666978	0.024264	2.3
867	-0.723793	165.509478	0.668189	0.017831	2.2
868	-0.767878	165.089178	0.669698	0.049730	2.3
869	-0.771469	164.668915	0.671214	0.003247	2.3
870	-0.713615	164.730340	0.670992	0.018521	2.7
871	-0.761358	164.731630	0.670987	0.022827	2.8
872	-0.773211	165.689782	0.667544	0.021113	3.1
873	-0.777478	166.663606	0.664079	0.006094	2.2
874	-0.773182	166.250752	0.665544	0.031000	2.4
875	-0.720803	165.831908	0.667036	0.018145	2.2
876	-0.730783	165.411608	0.668540	0.021481	2.2
877	-0.757456	166.411608	0.664972	0.025447	12.8
878	-0.764294	167.411608	0.661443	0.008233	2.3
879	-0.769580	168.246195	0.658526	0.010976	2.3
880	-0.771625	168.587884	0.657339	0.016078	2.2
881	-0.793103	169.484036	0.654247	0.009569	2.2
882	-0.746545	169.217581	0.655163	0.011020	2.1
883	-0.713830	168.803672	0.656592	0.004224	2.1
884	-0.816948	168.817616	0.656544	0.006279	2.2
885	-0.766827	168.983825	0.655969	0.009326	2.1
886	-0.732070	168.618591	0.657233	0.011497	2.2
887	-0.708668	169.480570	0.654259	0.018643	2.1
888	-0.768533	169.071656	0.655666	0.008156	2.0
889	-0.715285	168.652295	0.657116	0.017209	2.0
890	-0.738674	168.233836	0.658569	0.017467	2.2
891	-0.708361	168.894019	0.656280	0.004919	2.2
892	-0.720605	168.552223	0.657463	0.022575	2.1
893	-0.715534	169.497430	0.654201	0.025826	2.1
894	-0.709076	169.077326	0.655647	0.011152	2.0
895	-0.740420	169.786525	0.653209	0.017360	2.1
896	-0.716216	169.366426	0.654651	0.011487	2.1
897	-0.695658	170.349789	0.651287	0.027541	2.1
898	-0.782065	171.216608	0.648350	0.007775	2.1
899	-0.785961	170.801936	0.649751	0.013571	2.1
900	-0.758935	170.405682	0.651096	0.012201	2.2
901	-0.759829	171.402643	0.647723	0.030663	2.1
902	-0.759612	172.334521	0.644601	0.007333	2.1
903	-0.725020	172.319421	0.644651	0.011162	2.0
904	-0.785321	173.201170	0.641724	0.008400	2.0
905	-0.698267	174.134962	0.638653	0.021485	2.2
906	-0.748052	174.932708	0.636053	0.011975	2.0
907	-0.788002	175.847470	0.633097	0.011438	2.3
908	-0.737872	175.707774	0.633547	0.029143	2.2
909	-0.823186	176.707764	0.630342	0.011355	2.0
910	-0.747427	176.289731	0.631678	0.032099	2.1
911	-0.727701	175.875746	0.633006	0.012211	2.1
912	-0.675567	175.455564	0.634360	0.015162	2.1
913	-0.688947	175.122717	0.635437	0.015899	2.6
914	-0.809910	174.702740	0.636800	0.024879	2.7
915	-0.713990	174.285335	0.638161	0.013092	2.0
916	-0.717727	175.185649	0.635233	0.008118	2.3
917	-0.663682	175.044116	0.635691	0.017944	2.1
918	-0.732604	176.018899	0.632546	0.006662	2.1
919	-0.686474	176.873625	0.629814	0.025181	2.1
920	-0.650212	177.852545	0.626713	0.010709	2.1
921	-0.728443	178.852411	0.623578	0.015626	2.3
922	-0.735638	178.772455	0.623828	0.022406	2.0
923	-0.752536	179.764549	0.620745	0.020211	2.1
924	-0.789431	180.764549	0.617668	0.016048	2.1
925	-0.780378	180.344256	0.618958	0.014989	2.2
926	-0.672777	181.045859	0.616808	0.020142	2.1
927	-0.681900	182.045462	0.613772	0.012177	2.2
928	-0.778831	183.040954	0.610777	0.031062	2.3
929	-0.713516	182.623005	0.612031	0.025431	2.2
930	-0.668640	183.623005	0.609040	0.012443	2.1
931	-0.718657	184.622804	0.606078	0.021583	2.2
932	-0.732126	184.373813	0.606813	0.018530	2.1
933	-0.794306	185.373813	0.603873	0.013992	2.3
934	-0.725877	184.953534	0.605105	0.017458	2.0
935	-0.707114	184.533455	0.606342	0.010938	2.2
936	-0.865202	185.532399	0.603409	0.014855	2.0
937	-0.761575	185.506933	0.603484	0.015464	2.2
938	-0.768261	186.046402	0.601911	0.016297	2.2
939	-0.739088	185.626128	0.603135	0.011067	2.0
940	-0.719017	185.210692	0.604351	0.017500	1.8
941	-0.786873	184.792353	0.605579	0.010377	1.8
942	-0.766083	185.790571	0.602656	0.023335	2.5
943	-0.766353	186.624089	0.600236	0.016301	2.1
944	-0.737757	186.203791	0.601454	0.010209	1.8
945	-0.782779	185.979166	0.602107	0.014868	1.9
946	-0.790484	186.925792	0.599366	0.027216	2.0
947	-0.735831	186.505493	0.600580	0.008530	2.0
948	-0.784031	187.421710	0.597939	0.023473	1.8
949	-0.725768	187.001856	0.599146	0.014531	1.8
950	-0.676389	186.605908	0.600289	0.020720	2.0
951	-0.725340	186.185610	0.601507	0.028123	1.9
952	-0.756089	187.185610	0.598618	0.018980	1.9
953	-0.812076	187.935365	0.596469	0.034243	1.9
954	-0.691824	188.935355	0.593628	0.016801	2.3
955	-0.787476	188.515180	0.594819	0.010342	1.7
956	-0.743553	188.095469	0.596013	0.011524	1.7
957	-0.709466	189.067156	0.593256	0.022785	1.8
958	-0.760829	188.673705	0.594369	0.015072	2.2
959	-0.679731	189.380529	0.592372	0.015194	15.9
960	-0.744877	190.372036	0.589593	0.010848	2.0
961	-0.720059	189.956895	0.590754	0.005752	1.9
962	-0.748751	190.610847	0.588928	0.006173	2.4
963	-0.670139	191.056873	0.587689	0.013488	1.9
964	-0.735612	190.657158	0.588799	0.014017	2.0
965	-0.703064	191.410510	0.586711	0.019935	1.9
966	-0.744201	190.990220	0.587874	0.029372	2.0
967	-0.761324	190.569955	0.589042	0.007772	3.2
968	-0.689609	190.149909	0.590214	0.007713	1.9
969	-0.750683	189.989612	0.590662	0.016820	1.8
970	-0.795053	189.575441	0.591824	0.012556	1.9
971	-0.792913	190.400131	0.589515	0.009389	1.6
972	-0.686220	190.183873	0.590119	0.020284	1.8
973	-0.751143	191.183085	0.587340	0.012949	1.9
974	-0.749933	191.356742	0.586859	0.016032	1.7
975	-0.713217	190.979307	0.587904	0.017819	1.8
976	-0.789050	191.975334	0.585155	0.012263	1.7
977	-0.757238	192.974307	0.582423	0.036954	1.6
978	-0.689349	192.554078	0.583569	0.017077	1.5
979	-0.720070	193.554069	0.580849	0.023378	2.0
980	-0.759253	194.554069	0.578154	0.011047	1.8
981	-0.770971	194.146610	0.579249	0.018425	1.5
982	-0.754086	193.909774	0.579888	0.014003	1.7
983	-0.697717	194.098475	0.579379	0.015284	1.8
984	-0.734259	194.724370	0.577698	0.026297	2.2
985	-0.710017	194.304138	0.578826	0.019976	2.3
986	-0.721024	195.304138	0.576150	0.015547	2.2
987	-0.870787	194.883841	0.577271	0.012901	2.2
988	-0.757361	195.883042	0.574612	0.020820	2.3
989	-0.765981	196.882806	0.571975	0.013775	2.1
990	-0.744161	197.882730	0.569362	0.011909	2.4
991	-0.746332	197.463173	0.570456	0.008699	2.2
992	-0.757015	198.007025	0.569039	0.012952	2.4
993	-0.780749	198.868785	0.566809	0.008046	2.3
994	-0.749337	198.462618	0.567858	0.030632	2.1
995	-0.700183	199.460543	0.565287	0.023516	2.2
996	-0.819915	199.040399	0.566367	0.008536	2.2
997	-0.750708	200.033163	0.563823	0.035777	2.3
998	-0.708133	199.726990	0.564605	0.015364	2.2
999	-0.739472	200.726990	0.562059	0.008301	2.3
